0.519803866
0.113961014
1.857806427
0.698925462
1.638198314
0.237346979
0.826086608
0.709195112
1.763515377
0.831023278
0.389438284
1.424376325
0.310834831
0.166013342
1.973467195
0.961306171
1.019651137
0.304029942
0.449086293
1.434844902
0.275015781
5.829424811
0.7007306
0.176394352
0.687717641
0.809892978
0.242049831
0.799699685
0.185265314
0.233734218
1.043762484
0.311633724
0.167769796
1.342563381
0.546052366
1.192249828
2.203960782
0.443712691
1.806491641
0.055952037
0.028521885
1.133324216
1.175441851
0.6817002
0.952183988
1.729949578
0.454406731
0.98732811
0.117620478
1.521255918
0.860026182
0.697662252
1.662523756
1.870666973
0.614817063
0.078076244
0.741667476
0.657047373
4.226240793
0.323092413
0.94501643
0.045073843
0.129460321
0.169304217
0.684952328
0.299024954
0.524484939
1.622869944
0.028818295
0.651615264
0.181180774
0.990673139
0.641322388
0.269860307
1.878633956
0.760541059
0.559672026
0.228842126
0.101350693
0.908500651
0.327483354
6.55470624
0.639243175
0.777622612
1.307762797
2.049657319
0.11815403
0.326261885
0.249542647
1.286577318
0.254594036
0.997036562
1.110860715
4.050868399
0.389370436
1.176385257
0.217403946
0.175660345
0.249762502
3.958961276
1.323976358
0.337716915
2.899256704
0.010586193
0.403269088
0.211610234
0.969234366
1.471164881
0.96945682
0.919370517
0.188782522
0.033089783
0.591753426
0.05695067
1.162363881
1.166244957
0.083580143
1.742594795
1.439628066
0.102977873
3.134130351
0.55699945
0.49309404
0.679425798
1.190482571
3.830853809
0.35663485
0.142825282
0.690740786
0.987357795
0.576800209
0.681708512
0.280441984
6.901036404
3.478647277
5.751373902
0.198170676
0.992197737
1.994607544
0.969849783
3.892390618
0.567900254
0.212664128
0.526626048
1.414513669
0.478405072
0.089963553
0.49388671
1.211443878
3.159263656
0.417433272
0.500266191
0.792023816
0.667784546
0.863093882
0.065743103
3.335332657
0.600969602
0.482796476
1.190131179
4.876861873
1.878857158
3.105067366
0.509970569
4.104968633
0.248167199
0.010304845
0.573639998
0.081640383
0.95178629
0.829067411
0.64204193
0.85529721
0.353841785
0.11275897
0.681854166
0.902433413
0.06761808
0.204085753
0.700468891
0.782950056
0.249248599
0.377659693
0.36735445
2.111437688
0.358801059
0.880903124
1.318003221
1.714928768
0.375738059
0.136296698
0.933237264
0.311747403
1.543396943
0.012073679
0.122160535
1.32650957
2.137867832
0.879114892
0.20454819
3.748109609
0.089282027
1.137578785
1.099469218
0.396617281
0.021021069
0.028614507
2.041713619
0.074511338
0.138565855
1.849018443
0.10573533
4.272233489
1.86575575
0.199931929
1.136419678
0.030837278
0.407436251
0.377589854
0.713806481
0.41226713
0.723474904
0.19640506
1.527384841
3.003385027
0.849182215
1.197652469
0.351246855
0.236523024
3.760170718
1.223658573
4.073093034
0.170818298
1.682344188
0.133270327
0.304045376
3.402423665
0.078536294
0.218282679
1.123030028
1.420739402
0.130084069
0.019049846
0.502792822
0.322709121
1.253149624
0.396399972
1.383874389
0.703639994
1.546298593
3.076869298
0.325758854
0.51800913
0.075366399
0.323146762
1.025080245
1.555749924
1.528527562
1.745716547
0.195954727
1.177637323
2.163665682
0.429564941
0.53182829
0.654314737
1.226017509
0.245397382
0.284244797
2.744965036
0.855812179
1.969763829
2.046358793
0.111210416
0.206962253
0.982137773
0.144583707
0.940867527
0.282132869
0.899037556
1.734007462
1.744877199
1.213381251
0.014946945
0.022859522
1.089677372
0.069769693
1.028226779
0.432716012
0.130729145
0.690036091
1.056070081
0.470438821
2.383235044
0.193335339
0.68354987
0.732345735
0.032303519
1.022159161
1.170451405
1.073257283
1.565406367
1.091763966
0.03383375
3.001162837
0.226245753
0.086437113
0.092449186
1.054579243
0.490202506
0.541615984
0.098609587
0.947113409
0.975257664
0.378540581
0.113349343
0.104424987
0.778133836
1.056893301
0.277056263
1.092740749
0.074313627
2.168611661
1.395681855
0.952103753
1.611417686
0.533700258
0.280398316
0.502072171
0.650235736
0.599122597
0.644787857
0.623896027
0.170864226
0.058285548
0.060736703
1.088790242
1.948760813
2.967956082
0.027635645
0.759269507
1.575731223
0.562702132
0.17802811
1.260057232
2.041658484
0.232033003
1.325508535
0.989034457
1.723282218
0.245924609
0.403961528
0.405465612
0.587826207
0.290946861
0.546974176
2.347893053
1.151423608
0.183228677
0.03787416
0.129337411
0.863696159
1.299937992
0.063041449
0.217954321
0.174028248
0.104220865
0.815589661
0.270820638
1.48119835
2.013393194
0.050548941
0.054185756
0.090889394
0.150174926
1.41903218
1.175144156
2.510735184
0.547737813
0.261653161
1.983511464
0.414227949
0.286957613
0.427905394
0.429757422
0.484117151
0.117812009
4.275018118
0.642406234
1.885365717
3.401951184
0.101235275
0.414213039
0.668333389
0.707171184
0.599211361
0.395071205
1.55670692
0.155522359
0.549529384
0.289389041
0.310908631
1.812730251
0.058970226
0.066924144
0.18854935
0.815911668
0.108345026
0.392345692
0.304033887
1.479614073
0.556048171
3.751281122
2.361335452
0.20835613
0.346911143
0.27979151
0.856863891
2.867286734
1.942675163
0.232196639
0.575666875
0.171155446
0.743583326
0.997595689
0.633896281
0.398103664
0.731689943
1.679699709
1.864966281
0.009461923
0.109243598
0.126524404
3.844458779
1.157271402
0.231148535
0.063527304
2.065367013
0.024745881
0.033272753
2.180567971
0.19493127
0.39681262
0.107160638
0.063431806
0.940078157
2.231388716
0.283927719
1.669023493
2.838725206
0.162104955
0.103170219
0.754277836
0.303133236
0.859851159
0.382588009
0.352868002
1.829765495
2.537875242
0.702352272
0.056537553
3.576695501
0.540741431
1.069335922
2.769861798
0.993753256
1.864896684
1.213409814
1.380180624
0.445694297
2.351702423
1.858437067
4.249949989
1.164827182
0.278916273
1.19928836
0.158224936
2.254987862
1.587329847
1.09286857
0.241364375
0.091736587
0.836491541
0.106332952
0.177121456
0.822487871
0.377135886
0.67605142
2.134427635
0.451394358
0.076867892
2.909878805
0.21694587
0.111364962
0.430590784
1.808342123
0.066854048
1.119556591
0.840208697
0.269650715
0.252521299
0.706057792
1.478746916
1.460273936
0.462012758
2.289319562
0.160326304
0.480880578
0.028706937
0.066109587
1.497449964
0.135021617
0.05643725
3.195341127
0.850333402
4.353873081
0.584197695
1.068022043
0.807757131
1.700037701
2.981749006
1.071560629
0.930368221
3.823003323
0.710727902
0.006826136
0.236297724
2.280045139
0.255376249
0.0325922
0.060605128
0.208756298
0.095124266
0.017314392
0.706735956
0.077645381
0.017611897
1.633288334
0.331732381
0.963678953
3.906846193
0.112617357
1.191772273
0.55597368
1.023080451
0.200549147
0.104276014
0.640251004
0.124446164
0.477154346
1.781476971
1.010318982
3.32621178
0.888452806
0.035406044
0.810874284
0.254858407
0.292292187
0.099955835
0.706014132
0.356475891
2.622298717
2.219252778
0.045622164
2.103552531
0.140566357
1.588922514
2.172545432
0.095287347
3.533802914
2.053080099
0.496120107
1.689948607
0.374197879
0.221014908
4.017566931
0.119699612
0.326511787
0.53578143
0.089710311
1.510251457
0.58204319
0.567399371
0.840433333
0.853112185
0.094484657
1.578515101
0.693945146
1.017030158
0.509981869
0.90838869
1.071397091
2.025998686
0.431850014
0.685925977
0.118016935
0.058897155
0.33792896
0.065318268
0.089966873
1.675452278
0.745639194
0.080630798
0.965091772
1.361440615
0.044975462
0.905341888
2.698316076
0.534121986
3.522153045
0.742120432
0.410404008
0.899055144
1.576625637
0.151588654
0.28132487
1.259430704
0.763651145
0.292883667
0.691706543
0.59774821
1.5673068
1.37280487
0.787640108
0.154829525
1.16993694
0.850699672
0.234542786
3.141085007
0.006945777
1.108422055
0.263157181
1.036760055
1.259811848
1.075557198
1.233034166
0.745178825
1.864193378
0.223511037
0.04717081
0.077905662
1.099645316
0.622933781
0.244463658
1.029708875
0.454425145
0.249457168
3.193829368
0.398408648
1.106879906
3.584913675
0.441034093
0.988752912
0.2697113
0.555186464
0.15399916
0.067758335
1.49977499
3.591651868
2.936183176
0.216057481
2.143668457
1.679039685
1.428577448
0.124639011
2.054438605
0.277962141
1.048821231
0.165217881
1.230977953
2.270814338
0.05824329
0.342137746
1.068044995
0.839979248
2.255266166
1.67127219
0.399457428
3.371116427
0.352735158
1.947549266
1.838510437
0.762597311
1.23017096
0.296341794
0.730078282
0.700063648
0.360983908
0.069255801
1.08423298
3.300580443
0.125033782
5.519218114
1.373748661
0.523153192
0.155851937
0.57141159
0.978031148
1.993465121
0.140848574
1.457512019
0.722203284
1.60088369
0.503917165
0.231634036
0.623899611
1.264651785
0.472738339
0.979412993
0.583471839
0.36486561
0.120665327
1.097374105
3.724033627
0.079111917
2.466329825
1.936555709
0.703112362
1.564663612
0.090665105
0.026060659
0.361649309
1.017027025
0.390234366
0.023112085
1.157075916
0.397728937
1.881742351
0.190625668
0.191203498
0.344158836
0.031688094
0.011235699
2.179839238
1.186730135
0.908702779
1.835189433
0.553924108
1.400103774
0.108430491
0.646875048
1.012816355
1.414695884
0.946818724
2.333154386
2.049754693
0.641018447
2.430850551
1.240006861
1.153525036
0.945212405
0.876729231
1.632400674
1.215169444
0.489607801
0.007226476
0.37933473
1.969630038
1.781538251
0.221120984
0.098083335
1.689478912
0.131480965
0.16050905
0.621351291
0.196831943
0.204489297
0.25127439
0.450874757
1.126705084
0.695887746
0.779762485
0.552643901
0.680330155
2.426980421
0.562514206
0.743705845
4.602641904
0.871693406
1.00699103
0.332496755
1.298091576
0.504866019
3.216825867
0.045923051
0.210416871
0.973107518
3.141598344
1.208740081
0.605231502
0.54192855
1.35339008
1.167487813
1.414054531
0.105774356
1.191323557
1.740547976
0.648504163
1.048501066
0.825459327
1.649659159
0.480086334
1.420323391
1.795326819
1.157454595
0.220690138
1.311647031
0.961741521
1.042576528
0.099059182
0.503241357
0.25774519
1.085171412
0.114183344
0.902690357
1.989244278
1.30056644
1.212114476
1.605980986
0.696761865
0.050464282
3.0390848
1.57760926
0.499413792
0.901301022
2.454148046
0.204720544
0.556830696
2.307825903
0.278284281
0.495840448
1.606779909
0.081125997
0.699484252
0.981268271
0.316826861
2.486043979
0.951431641
0.871412383
0.315661313
0.063352743
3.070859915
1.885763925
1.591731894
0.289468996
0.144580609
0.737086705
0.523577737
0.594353909
3.923057011
0.03758376
2.788106733
0.098280786
3.102958173
2.013860104
0.493019663
0.096681737
1.914607329
1.785831511
0.145925617
0.031048767
1.183811814
0.424958259
1.860348214
2.964145786
0.03858919
0.789065922
2.529463875
3.228738618
0.400495024
0.455147676
0.097361091
0.0988726
3.506413364
0.299397955
0.561175452
2.785042127
0.935086292
0.998682426
1.414692391
2.880910987
2.976229388
0.115991973
0.438619313
0.118155127
0.136126576
0.443904538
1.091309552
0.531311821
0.116723439
0.933546761
0.077749847
2.46754869
0.757007981
0.00580381
0.698335874
0.847540493
0.685779365
0.443990429
0.509599429
0.882282652
3.465992433
0.541782662
0.001273442
1.695554212
0.026401236
2.086452073
0.243503732
4.096512212
1.980906043
0.758283564
0.897556892
0.41978188
1.673997353
1.025499891
0.650461714
0.942445029
2.306160883
1.765946548
0.046141233
0.099516722
0.435380317
0.26864046
0.500111159
2.234670461
0.366467308
0.115072491
0.742598078
0.509707405
0.496942263
0.225343125
0.456024668
0.28536338
0.833731938
0.454228168
0.060724074
0.278212957
0.38084047
2.47486157
1.693337808
2.41644309
1.537819444
0.048734328
1.197348056
2.166591513
0.158903363
1.612603058
0.011476751
0.466631457
0.860962734
1.545025427
1.263281997
1.05533586
0.032695296
1.377515518
0.374986868
4.1811154
1.054446401
1.295030805
0.991859363
0.11214339
0.05654672
3.29637642
0.458068302
0.123985269
2.426528805
0.246602558
1.733617915
0.723005038
0.854739208
0.441430474
1.514381537
0.178513521
0.196922681
0.662843738
1.860704095
0.603224163
0.517032018
1.35040358
0.260460287
0.252418231
0.641408294
1.603234348
1.243667921
0.203555165
0.454033006
1.850879557
0.038878698
1.265019855
0.19610475
0.18665304
0.918354237
1.581113858
1.992748185
0.155946828
0.27933821
0.879285239
1.202037147
0.27172135
0.761381742
0.053119628
0.34676901
0.000106749
2.351734428
1.097227316
0.277930807
0.075832353
0.875386964
1.507951201
0.710328102
0.752864024
0.470692114
2.181337812
0.129685795
0.194377677
0.728356915
0.072066881
0.125999477
0.452000595
0.180178195
0.010525756
1.380289056
0.896700972
0.753806671
1.686845147
0.043192819
0.275676668
0.499546691
0.134747611
6.441816713
3.741559623
1.896047745
3.517198787
0.022947059
0.021663494
0.519621938
2.818745339
3.368868155
0.863409369
3.640666131
1.191656448
0.837204236
0.864103951
0.577035416
1.605836057
1.433410758
1.575022057
1.466877107
0.748215951
0.590110293
1.618971298
0.310248228
2.045960718
0.385023521
3.165660454
3.014328534
0.196488147
2.074322399
0.735283391
0.752131334
1.433493791
0.711892005
1.538527322
2.095180142
1.22567994
1.24719044
0.098272748
0.449842805
2.892162071
0.994019036
0.18096016
2.207175564
0.141242524
1.666872225
0.194313971
0.24487422
0.160888022
0.232150111
0.599096808
1.205782049
1.884898827
1.126279361
0.29728066
0.38141549
0.170750472
0.444145627
0.624164833
0.008923049
0.104542906
0.467520544
0.521571003
0.72925782
0.605853831
0.542782003
0.31275888
1.493943688
1.531747196
0.657349144
0.294928675
1.319426378
0.227704525
0.358510031
1.671441525
0.500974453
0.051370624
2.150379258
1.705292127
0.009838393
0.67858311
2.942403218
4.086268046
1.122980783
0.108172607
0.276691348
2.238231963
0.83186503
0.537368001
0.706804187
2.079468742
0.943652502
0.417615386
0.667148466
1.066784941
0.221250894
0.361096862
0.943864991
0.68779716
1.138298242
1.755769337
2.016981096
3.541281868
2.122319854
0.502199805
0.038733392
0.900859458
0.036795923
1.361760879
0.436922427
0.124633306
1.490139673
3.259467426
0.89987012
0.187903358
0.011743743
0.69346166
2.016760488
2.742409956
1.606244363
2.863812691
4.704156783
0.705096631
0.099720634
0.79553323
0.579952379
0.31374643
0.952860457
0.976333046
0.494395327
0.171555787
0.486747268
0.546425885
0.300960087
1.097295412
2.11183188
0.674939958
0.699176562
0.474267728
3.203255798
1.243373143
0.315444008
0.167836197
2.674266739
2.279816162
1.016755308
0.028386164
1.122760486
2.347320074
0.070151051
0.064666146
0.514373587
0.8154142
1.685274278
0.783719657
2.142218045
0.499033483
2.784575976
3.19102745
1.154145791
1.283848333
0.16625792
0.660964158
1.891066855
0.04636755
2.119105999
2.46676908
1.710641341
0.394404197
2.155164622
0.513419363
0.020288183
0.307071139
1.044802134
1.381925492
0.199526019
1.63855527
0.660938843
0.295696656
0.607460276
0.251049362
2.502255716
1.67760458
0.142649705
1.860550441
0.083617938
4.169670277
0.265032234
2.392978781
1.433785939
0.110770737
2.314565083
1.788130762
0.476182728
0.474651237
1.250428622
0.429482364
2.313813606
0.194205995
0.38701633
0.149750923
1.045099872
0.348162301
0.180648591
1.763386931
1.704395381
0.242347087
1.401950425
1.022003322
2.331910654
0.571009084
0.043772981
1.003054574
1.167834285
0.794873005
1.05234699
0.317148725
1.200222695
0.626135709
0.476878284
1.013924548
0.566584624
2.85454177
0.355849012
0.314367416
0.189960818
1.529136415
0.459860706
0.014234501
0.802619572
1.437626372
2.969342039
0.862347494
0.542163138
0.386813702
0.373426904
1.413792224
2.446545567
1.337378607
0.170038856
0.456646939
3.774258697
0.038128556
0.610783794
0.575609717
3.531059035
0.520525007
0.740983041
0.841982054
2.535970216
1.673253959
0.787612248
1.377368768
0.726551913
0.889806361
1.810275144
1.162149872
2.577020289
0.945987722
2.515832968
1.312081249
1.18309256
5.426368729
0.486690084
0.827938248
0.192199681
1.286244685
0.485685492
1.99672022
0.815701873
0.866381213
0.103661886
1.055265065
2.366684897
0.667853774
2.469226838
5.340671951
0.117043053
0.060932654
0.047306412
0.574673891
0.322745984
0.270628004
1.456287499
0.715577626
3.14827549
2.124777164
0.604145517
1.242477924
0.591084083
1.322590839
0.175327218
1.280103331
4.00130331
0.446046689
0.994156124
0.30875074
0.292178844
2.157449713
0.534516264
1.496997038
0.535838563
0.965556848
1.33363999
0.083288278
0.468825889
0.040119714
1.365254326
1.365404658
1.438870821
0.052583129
4.507858321
0.089688213
1.073905778
0.074848905
1.138446915
0.232651375
0.105565207
0.530981892
0.681624255
1.202404134
1.12956139
0.330048095
2.569301795
0.24073932
0.061399884
0.174873491
4.70991958
0.756799568
0.031936674
0.642270032
2.782783949
0.119949495
1.958578718
1.558190071
3.7211568
2.336877568
0.662020202
0.532428074
0.24372513
0.47080003
0.504455728
0.016164097
1.974899317
1.865199518
0.386914745
1.821115455
0.153897252
2.009457511
3.300911104
0.336668288
0.179507492
0.30206913
0.191570795
1.076200166
0.223138241
1.593688384
0.736743554
1.383451346
0.067840591
2.55434682
2.425787095
0.528552006
0.599051107
0.599724297
0.054219745
0.732278955
0.644052241
0.891999025
0.614244771
0.151543332
0.189431816
0.372040896
1.119132314
0.746237424
2.177968262
1.032402351
1.63138839
2.132805712
0.235853985
3.358318892
0.194574641
0.249865353
0.531601843
0.078838232
0.995401593
0.511016465
2.473774411
0.432575592
0.112187071
0.61739672
0.611144537
2.580426961
0.89150426
1.881938218
0.002800683
0.195083977
0.585277021
5.016307089
1.714186775
0.05354826
1.602007898
0.070874169
2.805315442
0.021879555
0.151509444
2.344811644
0.716369828
2.206973003
0.488507096
0.422506535
1.198878585
1.686062239
0.163069024
1.405606305
0.983905648
3.776903931
3.449921866
0.290263146
0.677727831
0.127174676
4.468383034
0.832738977
0.104490566
0.05327817
0.337727885
0.150158361
1.633533047
0.317759862
2.011460651
0.315624664
1.428220979
2.462271302
0.390673753
0.708641685
3.24419095
0.612661953
1.021844466
1.274298188
0.100506873
2.270474654
3.001329175
1.289515101
0.725345329
0.07486562
0.299507315
2.982755384
1.033341457
0.409490293
0.56811223
0.484046519
1.172422167
1.019365004
0.528797466
0.640725981
0.867646901
0.640952997
0.711732786
0.972802513
0.669017169
1.481227738
0.91288519
1.517009193
0.279991614
3.487996533
0.499664684
1.849530737
1.072405069
0.02476149
0.034853603
0.645103585
1.410154325
0.147555455
0.747718023
1.439578985
3.621217758
1.644580072
2.105776787
0.018670831
0.708729595
0.987533552
1.985531374
0.555445879
0.681506119
1.128501134
0.326784106
1.859537995
2.328210497
0.295821985
3.573238785
1.78048425
1.762346761
0.371010506
0.650456784
2.678416259
0.037382483
0.878592531
1.31991817
3.385672569
0.389696423
0.463042574
1.569339548
1.084598163
2.859127731
3.377872438
0.087892343
2.043646148
0.047314727
0.252645441
0.43247675
0.308678685
0.215173555
0.414128049
0.889945201
1.210917543
0.550298801
0.054725611
0.144936056
0.188134304
0.793190456
2.386957835
0.733111089
1.285887431
0.356036055
0.128828179
0.763361869
0.450367135
0.414723865
1.868165832
5.950500273
0.058754645
0.040132285
0.422191988
0.046382284
1.818990665
2.82901297
3.770823691
0.426323891
0.07632006
3.42965646
1.077195972
3.231684357
1.168897713
1.210753974
0.344364809
0.239322217
4.861154331
0.587110269
4.13941476
0.62226052
0.874854397
1.616184196
0.170373134
0.062670358
0.094628108
0.015852715
0.731950277
1.611215265
0.267702172
0.560866368
1.046605272
2.044525795
0.084384909
0.691177109
1.973043061
0.054340492
1.507502265
0.296103671
0.562336437
0.198918229
0.162754853
0.749370527
0.4867588
0.159668964
2.001766229
0.046397601
0.176012535
0.730846787
5.045511934
0.60934045
0.125191175
0.044461032
1.691835228
1.070697679
0.166845455
0.195345541
0.608943273
1.151505422
0.759002361
0.351191013
0.838747831
0.514798426
0.992646962
1.044007796
0.870219549
1.157405049
0.611782162
1.700059001
0.265806667
0.580612179
2.513456004
1.247509759
2.546172357
0.613035925
0.533744111
1.006684192
0.213306416
0.813131126
2.302224497
0.389753738
2.887222875
1.291108287
1.294805749
1.023315385
0.19177164
0.044192973
1.674831184
0.221477364
0.293255676
0.782114062
0.481262102
0.128700658
0.730205056
1.119548057
0.464483849
0.683595807
1.73349568
2.018668823
0.21955756
1.255273815
0.272716147
0.175236803
0.028595242
0.363462779
0.4753289
2.002981614
3.014139826
0.397386244
1.246958373
0.764121379
0.559537899
1.907279796
1.755166773
0.666160061
0.118717104
0.196528923
0.016313615
0.050266862
0.996037862
0.162325761
0.783222172
1.275499121
6.039006077
2.061401985
0.259598065
0.599877269
0.146001168
1.322434632
0.777390876
0.017842117
1.881308725
5.095485601
5.596515546
0.016578279
0.509202446
0.045769771
0.186284006
1.320895786
1.822484655
0.020429771
0.329709904
0.474366585
0.275081526
1.190249228
0.506634701
1.347583747
0.335705285
0.097268534
0.821242383
0.87783047
1.654600177
1.144013296
0.468980293
0.62400323
1.402160216
0.538335033
4.587057984
0.046208372
1.254636769
0.361577268
1.055651988
2.502627743
0.486516052
1.366287201
0.373480994
0.893641603
0.27567517
0.937971287
0.169088221
0.17259637
0.362544251
0.136594657
0.9596798
0.11980458
0.178833262
0.515217061
0.198597933
0.989947861
0.070927898
1.694523285
0.083717912
4.472004847
2.131912612
3.193315429
0.180748771
1.961518879
0.068083057
0.661564604
0.012679927
1.040473097
0.101147647
0.62110764
0.516470435
1.447518743
0.335495229
0.269865273
1.273222654
0.68792311
0.566535124
1.145992959
1.043955474
0.560488688
0.48174606
0.76313791
1.09928785
0.937144309
0.068566664
6.685422721
0.48613309
0.916377605
2.139009719
0.855749831
0.731208152
1.58984763
0.07850437
1.269825999
2.410894095
0.619403219
0.317811199
0.411410025
0.001931866
0.521236096
1.573454355
0.127985378
0.662352531
1.540558276
0.64209324
0.642510931
2.402283082
0.839556336
1.200681034
0.175367431
1.517153614
0.467594531
3.084680939
3.670798356
0.091432325
3.875826191
0.453628084
0.292348661
2.95139602
0.281803546
2.545430943
0.076694638
0.291168817
0.74779242
1.567732736
0.838195597
3.574682496
0.932038164
0.401549454
1.851418824
2.48936002
0.252776819
0.551053764
0.548671241
1.341932177
2.8220236
0.386480596
0.812569732
1.278494732
0.089559154
0.888251327
0.055315457
0.051883234
0.94121834
2.507161942
0.064510033
0.052571282
2.061102521
0.369947378
0.490529211
0.305479021
1.304332926
0.193278693
0.729540304
2.763337479
1.006789107
2.042357017
0.520189449
2.6325821
3.827007374
2.422586738
1.383325271
0.018586766
2.546462585
0.126561988
0.184559224
0.495785581
0.274680706
4.157736064
0.478251899
0.786259322
0.820805357
0.922318522
2.933147064
0.302756996
0.335461627
0.216380148
0.106904747
0.351136115
0.835225789
0.871605697
0.429031095
2.403477287
0.549667249
0.482486428
0.930370776
1.271531635
0.63231964
0.070853933
0.501337761
0.089808455
1.171116865
0.104795034
0.331669243
0.425717128
3.666541549
1.036390738
1.9103809
0.419384538
1.12861263
0.052957501
0.891782216
0.517254206
1.17316886
3.415175207
0.422359413
2.251012758
2.852687
1.740201006
1.170212101
0.719209348
0.122198871
0.4538043
1.794338469
0.411237584
1.038282454
2.656278501
0.681752984
1.063114107
3.17508859
1.832449936
1.488294169
0.122517752
0.611135439
0.177202322
2.265013502
1.508455773
0.804135986
1.917292528
0.533872244
0.829018085
0.961676523
1.930741034
1.26034054
1.529507728
2.702734826
2.048788377
0.773364133
0.495465454
0.558524709
0.112705088
1.099902428
0.454854685
3.450721098
2.172752715
1.597592099
0.111993547
1.572285297
0.737723051
0.349147242
0.539168143
0.497814653
0.411842442
2.148059502
0.403888363
0.365950912
1.070996341
0.936089104
0.563327623
5.170638389
1.372409632
1.169202528
0.05219576
0.532431147
2.218374897
0.105038528
0.284656119
2.399863142
0.015298041
1.121893798
0.701819363
1.326024035
0.027221009
0.40250065
1.254169321
0.089710228
0.773559266
1.77659497
0.100738202
1.823836852
0.596307894
1.594813524
0.558654849
1.104071486
0.805961749
5.237956473
1.840362278
0.875398627
0.631583769
0.321442278
1.401470551
0.209861679
0.846323874
0.029651544
1.001633533
0.892200739
0.513741736
2.111487921
0.465502534
1.48619181
0.805264527
0.197508344
0.040749909
0.273385323
0.447083354
0.779711416
1.04534156
0.525244912
0.7464776
1.647135581
0.065414326
0.275852935
2.189997577
0.163430789
0.835553508
2.205273178
1.713114957
0.138522767
1.806265352
0.889595114
0.586269926
0.710161667
1.608585075
2.476910562
0.479385281
2.489848848
2.20946766
1.252799056
0.500383959
4.409186464
0.574740763
0.232140236
2.160992667
1.773876505
0.110078185
0.110883191
0.197630177
0.192256396
1.609605311
2.200790053
0.185454241
0.179385731
0.253948523
0.477029077
0.042169208
1.456298877
0.518065627
0.291617325
4.106011959
3.346583325
0.246094965
0.106247295
0.847009302
1.787924566
0.001952355
2.072637342
1.075994715
1.426925295
1.968276403
0.193088184
2.527215406
0.267345453
1.215199821
1.166637093
0.57822293
3.057256901
0.886435132
0.567571292
0.403390381
0.354894762
0.966020823
5.100581957
0.085200607
0.719787251
1.301993452
0.384070152
0.173728764
0.019168776
0.138250536
0.237973712
0.2371704
1.344036861
0.170469076
0.114772597
2.748444958
0.255427039
0.219805637
3.436788506
2.188742409
1.476772877
0.722671645
0.2590671
0.592774442
0.787557375
0.175008169
1.378510422
0.561740635
0.646254234
2.587318015
1.400166742
1.743280542
0.283237835
0.527975373
0.426602984
0.999340057
2.329941711
2.820421219
4.567216937
0.14281882
1.02550911
2.44703399
0.256476915
0.246210857
0.071825743
1.094518598
0.069253512
0.831473291
2.370543503
0.563373699
0.94612422
1.371315235
1.902931189
0.535622478
4.816594076
2.607647749
1.710713627
0.521847506
0.111539465
0.942740624
2.257162931
0.400867144
0.164762311
2.288434333
1.006970887
2.358900277
2.205934182
0.899460075
0.108275274
2.205226867
0.851101622
1.239808226
1.107466101
2.60357443
0.01750804
3.165871171
1.850694604
0.018630639
0.351291726
1.404906406
0.221135173
2.53528553
1.485468482
1.879891956
0.172826299
3.236902219
0.334199593
2.815712051
0.881920187
0.157032123
0.790685942
2.097107054
0.159064141
1.976940319
0.894783049
0.1703722
2.335105147
0.20994994
0.168286831
0.583775082
1.855680278
0.428729257
2.967160983
0.373588286
0.499673228
1.187810113
0.942051275
1.047835482
1.64487753
1.203607875
0.275760859
1.062706809
2.158220387
0.087214926
0.177962084
1.136650317
1.776742347
0.017500806
2.335514425
0.394584399
1.351994788
0.580424356
1.160075577
3.988186289
0.36619973
0.656469105
0.623288304
0.64968673
0.106950699
0.889095554
1.811544351
0.007945143
1.031212469
0.591757291
0.786737666
0.103085042
0.067972495
1.691529353
1.852341645
0.551264529
1.265238933
0.308381155
8.060605468
0.637356807
0.233792283
0.007900502
0.893721291
1.882534829
0.740002994
1.418442893
1.852636885
1.943446768
0.250027609
0.47463866
0.232508466
0.396662909
0.967328466
3.647387176
0.100064976
0.293541881
0.848271937
0.484345125
0.863728239
1.194414412
0.603614089
0.105729165
0.737230014
0.295715349
0.318290422
0.77471226
0.14313647
0.217514804
0.748280781
0.08201895
0.327435002
2.649183479
1.499962943
4.068974603
0.221425132
0.109512132
0.377298961
6.33065067
0.11423706
2.549255143
0.438714294
0.194942475
1.142804553
0.314322533
0.696963351
0.949920288
3.344383926
0.069294799
0.031815223
0.969688859
0.643689513
0.897229379
0.617452009
0.010722393
0.447018983
0.51911927
1.150294893
1.076093169
1.832677657
0.122112829
1.640528481
0.1639997
0.238232836
1.103799322
7.187016493
0.209954335
0.236971634
0.335015139
0.208198623
0.438991199
0.042335641
0.336885313
0.015291775
2.003967134
3.144316526
0.135045467
0.198670797
0.588296882
0.939153254
2.301529922
2.407582814
0.434025574
1.832931629
0.95403074
0.117595877
0.072917417
0.271395322
1.763623465
2.282350105
0.145397751
0.368754784
0.032176394
1.173270758
1.399703637
0.085193464
2.329022532
3.132116169
1.765199025
0.119851284
1.019487168
0.410059616
0.843325212
4.672562081
0.839385493
0.325219238
1.164529159
0.737146815
0.272225991
7.977932048
0.675711468
0.793732323
0.34545474
0.127380084
0.561074214
0.392721788
1.238636218
0.64470668
0.146541069
0.14551651
1.081024519
0.156669766
1.942564822
1.349802445
0.157251011
0.58996449
0.76110491
0.232008956
1.980809751
0.609361974
1.476536516
0.765398539
1.087463474
0.564451592
0.290004214
1.171313035
0.066867005
1.13337912
1.530209672
0.117203451
0.743516334
2.747191828
2.163171334
1.651985128
3.135934298
1.181411926
0.032274308
1.59258961
0.489351368
0.777373714
1.289528848
0.213991012
1.080783513
0.748568972
0.515415342
0.53206008
0.637108541
0.563531996
0.954287306
1.148726106
0.077762833
0.172665608
1.189699081
2.148459855
0.277981937
1.815377729
1.312926115
1.879024391
1.684635029
0.310850602
0.94527892
0.631161142
1.499079952
0.283489152
0.856027314
0.035650629
0.919643524
0.738596593
0.870668047
1.37224943
1.232233155
0.956007356
0.125432628
1.024408924
0.24014034
0.455472006
0.345905645
0.005608002
0.320541343
0.213226618
3.589129601
0.564076034
1.04705776
0.539934221
0.170894722
1.834898469
0.731672559
0.394424099
0.089365394
1.197673757
0.193933329
2.497653968
0.022411598
0.501271301
0.093636154
1.339956693
0.053176989
0.126046933
0.395051351
1.712672148
2.680354775
0.012025333
1.747807724
0.866593209
0.222279952
4.246381767
1.738474573
1.672215866
0.011007236
0.04484605
0.287808199
0.962766628
0.914522364
0.905265828
2.551907029
0.282480486
0.98253078
0.052776456
0.995390163
2.567711696
0.462847746
4.042316531
1.268893186
0.012365692
5.03687837
1.052815291
0.019023098
0.088497806
1.286965543
0.284223162
1.469390714
1.96685277
0.779124263
1.619117239
0.642291178
1.784415163
0.255059843
0.01893315
0.372705647
2.534328494
3.520271299
0.86924181
0.572591697
0.680707976
0.862575119
0.045626462
0.042370924
0.153566189
0.518237352
1.088552407
1.170000422
0.436606188
0.079467868
0.725909891
1.875675654
0.979995898
1.372673885
0.051101708
0.19692067
0.692728481
1.575386709
0.402961485
0.530712051
0.773398633
0.981881999
1.776875569
0.99951863
0.995181807
3.661463526
0.345409304
0.062341087
0.180339103
0.729717694
1.488610399
0.583005661
1.307316473
1.419095261
0.397751282
0.847485863
0.122637744
0.528646118
0.043368392
0.498181935
0.28755672
0.4523758
0.562001239
3.596152487
0.648352541
0.027291041
0.025696377
0.863628281
0.252858719
0.870651781
0.468561591
0.887149469
0.957683628
2.342940462
3.371922034
0.790540523
0.546174172
0.733662172
0.141094336
0.223553906
0.544154159
0.445290605
0.476028506
0.386505342
0.553641176
0.99486465
1.153763279
2.037663354
1.040190019
0.286555579
1.000489171
0.046067595
2.745668999
0.544848383
0.299897018
0.264204358
2.257368352
0.783042643
0.532117629
0.173325576
0.070603826
0.021920793
1.119664752
1.924332015
0.15509558
1.022744024
1.941816478
2.485539548
2.384478103
0.190617402
1.118012171
0.797816771
0.939081312
4.174673223
2.466178825
0.122890866
0.038303105
0.364524371
0.806407591
1.559073022
0.36949863
0.5092743
0.631284451
1.092063967
1.987436464
0.452556425
0.101760999
0.920154212
0.18473519
0.794651409
0.460987375
0.482513179
0.993415132
1.033960349
1.369097832
0.122631512
0.084241215
2.63071121
0.261547635
0.293683817
0.778808829
0.539474788
1.970124093
0.730064385
3.700875458
0.145046549
1.248092894
0.470142017
1.309487413
1.6253322
0.163073481
2.361433799
0.31825266
0.202722257
1.812203181
2.260411894
0.010518371
0.330211448
0.321994863
0.916780806
0.386051301
0.605437535
1.687904541
0.280141967
0.618277523
1.475048142
0.455109504
1.36102167
0.93959691
0.971560686
0.347698652
0.607586119
0.000939593
0.491113112
0.644632727
0.367770778
0.549011238
0.793992335
1.041500547
2.871152548
0.485444813
1.535979347
3.43037841
0.690780416
0.487953141
2.387967392
2.387411476
2.115016914
0.067116947
0.097521493
0.214915908
3.58001448
0.643185792
2.150787683
0.078178134
0.533625793
0.239996581
0.349047349
0.777441574
0.693495919
2.828421035
0.910727173
0.088239216
0.144011098
1.032281732
1.594561563
0.887532032
0.861018777
0.641568781
0.70557462
1.026176885
0.256107882
2.07090119
1.89382681
1.072156308
3.572376267
1.709490833
0.671612485
0.054656223
0.66480878
1.617345244
2.822043615
0.442615011
0.139784567
0.260554199
1.197165146
1.155652634
0.275305438
0.255961229
0.398718314
0.995945317
0.272009227
1.57719319
1.296173338
0.550762464
1.071558711
1.510338918
1.420101373
0.095510108
1.261285668
0.536882813
1.216222871
0.565082859
3.211682867
1.309196527
1.722476841
0.806417743
0.138377766
0.365007013
0.990828498
0.292585116
0.476462786
2.430213791
0.461178475
0.158494023
0.213774417
2.818937212
0.669717026
1.154922293
0.655415685
0.055608248
0.517156687
0.287526315
1.112122702
0.968925379
0.359154391
0.186395211
0.182757595
1.907663273
0.566336228
0.004949835
0.104573815
0.185439851
1.470630826
0.267163483
0.242298494
0.560054073
1.299536522
1.895776588
2.209578645
0.268691818
0.999357032
1.441109079
0.526556107
1.368366798
1.075411142
1.208776712
0.315644474
0.037698496
1.309221241
2.19028567
1.794856986
0.036445141
1.574926036
0.33102603
0.241933067
0.445128215
0.978757033
0.965995042
0.782172143
1.595244456
0.687933438
1.032288234
0.053654109
0.574201259
1.69931352
1.730536988
2.9418934
1.057469851
1.746687379
1.762480676
0.443033562
1.127547516
0.820412222
1.973629762
0.622799861
0.080444296
0.36496717
0.579434197
2.219254339
3.001667668
1.5386626
0.430484149
0.540820044
4.461231965
0.133200244
1.489128357
0.684544331
0.279932549
7.340183084
4.080288362
0.40947486
0.503782676
0.666221933
1.193071784
1.894032586
3.469662556
0.055948382
0.231600138
2.532223154
0.124576444
0.306086382
0.861130668
0.085153823
0.094708386
0.61898182
0.684950337
0.703098867
1.896494524
1.294684196
0.208658182
0.116042087
2.244880646
0.935952444
0.194245021
1.5751351
1.826457273
2.373068135
1.382404872
1.280194649
0.330778544
0.842740989
0.199440166
0.696971675
0.914824157
2.137897972
0.140191549
0.714177316
0.504145168
1.436550608
0.68765899
0.570546229
0.054073488
0.028974614
0.992844919
0.557673514
1.25263244
0.589716635
0.667988093
0.059367117
0.498315614
2.005790547
0.118606026
0.591958411
0.361567056
1.561800074
0.479178811
0.55689928
0.151009689
1.003602817
0.17354867
0.005567485
0.826116937
0.145590582
0.399581935
1.788553019
0.129375609
1.200751207
1.371472251
0.198132847
2.514689882
1.270387118
0.132314344
0.097853145
0.896148479
1.459125583
0.419259989
0.216300465
0.352383275
1.454344645
3.078500963
0.007969786
0.507869845
2.386597091
2.712694086
0.510285623
0.681171938
0.06208507
2.647245585
2.379197394
0.880936891
1.731195983
2.102558279
0.394012198
0.902846114
2.230618515
0.098265213
1.268275996
0.106088999
1.308884161
3.713880144
3.015238603
2.616485168
0.838545949
0.310707058
1.218372234
0.138242847
0.033354807
0.241769109
1.044057233
5.437233782
0.047409885
0.675474411
2.423338945
0.993331383
0.863717081
0.310333154
2.393967003
0.326850793
0.818709155
0.184265226
0.42352071
1.018253875
0.480370455
0.736745083
2.575929108
0.229965484
0.148642939
3.976033335
0.203051159
1.376977401
1.252982403
0.363224646
0.428175493
0.565983317
1.18478695
0.194929436
0.101774308
0.860152478
0.246091142
0.666468107
0.277611908
1.938906573
0.321949299
0.693685964
0.171632204
0.187920311
1.110589074
0.706178111
0.403682343
0.638776036
0.862168879
0.077135605
0.71684153
0.269003258
0.741027355
0.476377783
0.417877558
0.191880242
2.233262255
2.441739537
0.394648135
2.498178632
0.860083178
1.415444319
3.336957829
0.696847128
2.041750967
0.549454435
0.810941407
0.308758937
1.526430035
0.97873513
0.043560706
0.143098243
0.465479383
2.803632741
0.015090074
2.193015135
1.852753533
1.35232161
2.44985119
1.851278484
0.1706246
0.172293305
0.09480359
1.723694577
0.622660474
1.517261092
0.157854136
0.266527904
0.120304305
0.238941556
0.484103549
4.530791754
1.027795016
0.284717162
0.978718778
0.527396029
1.43032092
0.309647191
2.090139606
0.370271412
0.726396358
0.055760001
2.874448673
0.251723056
1.143097953
2.139267424
1.001366388
0.766792375
0.104837787
2.045210118
0.704665578
0.090209189
1.030774419
0.951124845
0.258938161
0.148360544
0.081437235
0.339430698
0.068390896
1.637992476
1.748797944
0.41247034
0.572824696
0.448414511
0.125708573
1.857542487
0.992653272
1.694607008
0.292484376
1.187505739
4.341203804
1.552120608
0.31518523
0.586691047
0.343699969
0.672047862
0.841316516
0.500478719
0.544607722
0.551984488
0.753630629
0.909722544
0.353711485
1.069098516
1.446569253
0.20283927
0.090921382
1.850813107
1.360662919
0.734613116
0.199954973
2.241686398
0.65890295
4.23731413
2.014393176
0.783110606
0.319663655
0.528184073
0.908825779
2.691146942
0.318239107
0.234964003
0.210514489
0.690377639
0.390428532
0.591042385
0.285972759
2.061712505
1.114900276
1.08805476
1.310817463
0.581745739
0.845960159
2.300153992
1.082407432
4.029741046
0.58565316
1.289850379
0.600959849
1.22436634
1.299891748
0.299452326
0.48781899
0.004440493
0.5427622
0.219446013
0.136078877
0.139995916
0.334344386
0.10088348
0.121359674
1.766817504
0.160609923
1.061852275
2.592418781
0.148566302
0.037765497
0.256114401
0.766848364
0.656413416
0.614801547
2.9963598
2.169903028
1.155061787
0.768802513
0.366875047
0.356557347
0.620515148
0.048505004
1.221523551
1.282142841
1.06479331
1.889323918
0.532725413
0.794993945
1.023778248
0.578945894
0.212470056
0.178834831
0.829329413
1.521871464
2.041637985
1.296908254
1.047076687
1.260986808
2.148663221
2.350321236
2.978430547
1.262063186
3.303295944
2.172297969
0.094331216
0.282499736
0.147953008
0.143468198
0.20742596
0.695239251
2.53370859
1.73939824
0.388772697
0.440411342
1.072489376
0.050313202
0.580862176
2.090383808
2.481602706
0.714384286
1.204189311
0.502987344
0.049685696
4.237995564
1.565140031
0.058804358
0.246925335
0.919816215
0.48497807
0.430594292
1.331762474
0.899940475
4.840247378
1.858311538
0.168854777
1.888750172
0.193530129
3.347583991
0.54672963
0.546862096
0.194626969
0.31334322
1.366348505
1.656699563
1.480398349
0.825209552
1.328955108
5.2421401
1.149125635
0.133946187
0.910912339
0.540420188
0.446219364
0.244858504
1.117871586
1.974916843
0.056909256
0.556064208
0.714298074
0.114371719
2.091405777
0.974294249
0.230000118
0.637906543
0.460429703
1.350140503
0.712998468
1.222976179
0.379023378
0.328948997
0.912154976
1.244210891
5.085419559
1.840770148
0.258057917
0.273015877
0.297038568
1.850895385
1.766648119
0.391894806
2.209863607
0.320572179
3.707571038
1.937437447
0.32448578
0.782377776
0.073480597
0.738667816
1.237068526
0.717355819
1.100838619
1.244535523
1.830855326
0.969501666
0.798541918
0.696988367
1.446994221
2.748562185
0.932852738
0.071823387
0.589422787
2.879731497
0.091638783
0.097313219
0.314469958
1.324118938
2.159941402
0.834452034
0.329551302
0.518581853
2.819800925
1.004886717
0.673390613
1.026483119
0.492262507
2.469397952
3.368896445
0.834131322
0.020266482
1.285187075
0.28184623
0.526341176
0.227543965
0.103983937
0.151635712
2.678049346
0.015006707
1.332492691
0.868066999
0.057780616
1.284627536
0.781455094
0.057901492
0.726142237
1.571829968
0.9560069
0.980188706
0.566019684
0.484290722
0.358927784
0.388717634
0.220177606
0.199367896
4.936603972
1.379101099
2.051042292
1.316848854
2.112835525
0.151795636
3.451009279
0.796759461
0.194243809
0.99066371
0.677544342
0.328382707
1.380340424
1.915469668
0.407764802
0.170954167
2.805806679
0.128800996
0.967377914
0.117984559
0.914067229
0.121448267
0.213205779
0.435503538
0.096544043
3.928278327
2.30269613
0.023645084
0.21655608
0.099947401
0.638788693
1.097500439
1.45554495
0.666676557
2.578435981
0.730981877
0.172243485
0.632747614
1.266709686
1.219933183
4.876786433
2.360762997
2.416945965
0.669275111
0.832061113
0.831616603
1.593643623
0.221682396
0.573696704
0.780659776
1.307769668
0.644836435
1.274348802
0.613829957
0.190993792
0.591131964
1.048098914
0.377237961
1.394140777
0.971302083
1.039584345
0.231035423
1.530504976
0.36210845
0.200710733
4.570247191
0.467059255
0.443871873
0.524920954
0.002138283
0.42221264
2.929814958
0.086859658
3.049113052
2.150931252
2.051672271
0.031815825
0.194703898
0.729617395
0.273696591
0.752393777
0.512803528
0.797043353
0.263785189
0.461982825
0.081390451
3.272143609
1.086646569
2.363870377
0.658657517
2.797158521
1.989952326
1.114218355
1.371501641
0.660684833
1.183518298
0.400231842
2.392861783
0.149059982
0.50727414
0.554437989
1.720817602
0.166112704
1.816467897
1.196622267
0.154465867
0.170940794
0.279878792
1.111710675
0.32683172
1.661343113
0.662307444
1.875904082
1.461627628
0.005412352
2.414257472
0.176311454
0.853576213
0.930426257
0.543332313
0.19627892
2.289776859
0.747416491
0.145304664
0.388369792
2.302183578
1.828052775
0.809945858
1.112594182
3.187720385
0.066978256
0.733129491
0.062536564
0.899012952
0.887618986
0.175451554
0.499081294
0.829121324
2.271055887
0.276429421
0.044418537
0.002529841
0.693476142
2.695027074
1.479440155
0.188228871
1.014557919
0.034707938
0.00407156
0.732957784
0.472776037
1.593206518
0.361693109
0.878138095
0.154439766
2.32798341
0.363340538
0.86091234
1.104917688
1.646844123
0.396037768
0.416203647
0.803286989
0.847267698
2.628989277
2.358197598
0.393131111
1.929886004
1.186818005
0.807818433
2.649812774
1.167805466
1.868547914
2.301087123
1.119374789
1.788492227
2.222549011
0.19754411
0.010235766
0.086963152
1.40893689
0.209731887
1.744027965
2.079915716
1.47885956
0.023183371
0.894167178
0.926639287
1.235694046
1.702046901
0.186406295
0.166714568
0.098301402
0.407287301
0.20023924
0.300566174
1.923908178
0.58042817
0.553207754
0.117185957
0.512926638
1.003412558
0.104333641
2.389383955
0.188905171
0.355825644
0.650796231
0.669301181
0.005905275
1.494454093
0.300331142
1.572060234
1.967373096
0.650692046
3.098011545
0.758976077
0.535757491
0.931326318
2.982316042
1.151854712
1.053177909
0.571280311
1.242643121
1.162118905
0.224541287
0.156866733
0.093952696
2.426378873
0.877213516
1.641063634
0.202784875
1.516048688
0.278905142
0.848874623
0.336050274
0.79629921
1.321732395
0.278307857
0.573566571
0.145136661
0.946439082
2.894724974
1.367919497
1.092928876
0.765485252
0.257987832
0.156088199
0.491675707
0.780537672
0.819147026
0.06886802
1.775565275
1.570177369
0.355481326
0.221904347
2.034714727
0.208241971
0.648080501
0.449636157
3.744058252
0.072169828
0.247745084
1.793274878
1.550633536
0.191405945
0.216897907
0.330803677
2.106141856
3.048354743
0.500219505
0.342337585
2.233469351
2.274027804
0.328539073
1.101968244
0.667640732
1.388861538
0.137248531
0.139427049
0.116678123
1.613730622
0.786190453
0.16418564
2.559363603
0.112770096
1.448502524
1.392699714
0.000764504
0.149933832
0.932285725
0.366299379
4.235263068
0.715334463
0.812267847
0.809336171
0.457451488
1.845262386
1.056416594
0.207355917
1.672064015
0.974683669
0.583857507
1.112127004
0.706071049
0.596190489
0.893738139
0.755430831
0.613482492
1.456311088
0.960533625
0.836865919
0.130172003
0.6243544
0.790330616
0.20599038
0.983926092
2.562843912
0.462876973
0.649918165
1.07215406
0.454785166
0.886256432
0.439819215
0.558861248
0.632091722
0.436167603
0.234395645
0.006048628
0.555232387
0.36009671
0.258950257
1.678055947
0.037638779
0.203809737
1.264320157
0.69234585
0.027412925
1.354163013
0.156163258
0.658219549
1.205867528
0.235439014
0.106511827
0.682988619
0.246026067
1.847467913
0.558797801
0.72993903
1.303381516
0.21211973
2.132379207
1.136428072
0.04565968
2.122317213
0.607553274
0.674877784
0.1353237
1.554709135
0.050957427
1.365569059
0.084931877
0.562529221
0.44655845
1.046746061
0.028440753
2.168203624
0.286119895
1.91705132
0.470292106
1.58678419
2.073144997
1.412155575
1.198669388
0.783366201
2.410415977
5.117371885
2.692795609
2.788041925
0.095113334
0.589522908
1.342692128
0.959634684
2.779042856
0.120258359
0.239271574
0.713995032
0.253085659
1.982958887
0.799412414
0.10474592
0.264136195
1.145654599
0.199900453
1.573878619
2.718607527
0.527910412
2.097077604
0.094847033
1.175454441
0.405192293
0.142680567
1.223284196
0.267392406
1.27005706
0.402275566
3.654161333
0.294310843
0.277222523
1.064417332
1.09345523
0.253694729
0.740448035
2.356649248
2.201149037
0.048169732
1.481912782
0.845464006
1.30116168
0.312293125
1.419510743
1.580519668
1.534410824
0.042042316
0.666878249
0.047968229
1.311751742
0.84306298
1.777993528
0.463657009
1.458711897
0.95435239
0.839198377
0.431200853
0.099876933
0.088209787
2.094447634
1.141217434
0.593317698
0.769627006
1.038551696
0.461107537
1.088632957
0.73780233
0.538208896
0.136644931
1.30246403
1.605154695
1.23993355
0.075632616
3.086590977
0.133381846
0.17045813
1.504916515
3.611417545
0.071151298
0.364020736
3.281893578
0.036585023
0.881034154
0.735098598
1.309712451
0.973869301
0.948150432
0.427257113
0.071263924
0.073110892
1.121444482
0.926825972
0.189735406
2.830884504
1.403823942
1.430820536
0.766121568
0.977425943
1.466833425
0.648689044
0.129472311
2.422760024
0.690819499
0.337787612
0.381072347
2.927849578
1.587049206
0.213693129
1.484253578
0.068866454
0.266260117
0.180605417
0.185909721
1.839309828
0.831654352
1.053610105
0.956871005
0.260657709
0.211619856
0.879892763
1.15522141
1.550951969
0.892428121
0.858461467
0.06437384
0.353398161
1.292202701
0.003564207
1.42398381
0.544799091
0.33316639
0.341199761
0.098817359
1.304483443
0.015994801
3.296029765
0.799987074
2.748949906
0.617965233
0.555777923
0.986532
0.34508076
0.694580706
0.589593324
0.595742665
2.162503336
0.000963
2.408602383
2.264079369
3.00674727
2.191322983
0.312381395
3.034332878
0.07513959
0.923023123
0.995610942
0.281492043
0.02989234
0.064380635
5.080397072
2.811660334
0.93922942
1.383610595
1.952754486
0.060957276
0.048643113
0.343930046
0.268825753
2.519697322
1.206269688
0.33622406
2.965154829
1.294463741
0.909331509
5.214322952
0.319928051
0.818532152
0.473789911
4.642405307
2.878817508
2.295046977
0.140941966
0.442324889
2.150263733
2.214019034
0.184152066
1.699130419
1.425170484
2.069326596
0.390757089
0.540359632
0.502079187
0.849914142
1.20724175
0.329256315
1.564541275
1.277470013
1.654492573
1.779930966
2.375405437
4.201476466
1.122125338
0.635899399
1.73555709
0.306830302
1.324686238
0.567801255
2.076821055
2.431571668
0.081552662
0.597511229
0.057545032
1.708209419
1.051749332
0.199551774
0.008829814
1.92104407
0.159632914
0.164122343
1.23155444
0.211954741
1.805739827
0.03599913
0.493249179
1.070078957
1.70711881
0.613293213
1.146614569
3.669347818
0.173184648
0.832858956
2.662297499
1.393124939
2.014777967
0.111619797
1.21160019
0.003422709
1.870792385
0.012683835
0.36537574
1.593910632
0.971250018
0.701378899
0.93842874
1.648734133
0.094795628
0.76625074
0.327081333
0.473794311
0.379260663
1.634031355
1.342265172
1.619705211
0.578829858
1.203542736
0.465285147
2.566236325
1.007842159
0.038398146
0.216459347
0.311466376
1.521764293
1.569748331
0.278981785
1.861597457
0.2373475
1.532353466
2.459310315
0.164969563
3.823495257
1.441478198
2.060956148
3.426591636
0.44352541
0.861368407
1.430872615
0.31547477
0.459981635
0.364409758
1.534184093
0.750282092
1.263642581
0.231476819
1.643643301
0.180109594
0.898318896
0.066190179
0.565115582
1.1010418
0.56342397
0.771865365
1.296080936
0.765637195
1.101088752
1.294318877
0.127937104
0.314222048
1.166826503
0.62628899
1.798109698
1.293482978
0.102808671
0.444800903
0.157814124
2.743450557
0.108347256
0.682779781
0.679067148
0.195102084
1.286132482
0.873678975
1.071280354
2.451489242
0.376916765
0.080391548
2.516093206
0.154741874
0.181923366
2.425160325
0.179260175
0.431359856
0.148558976
0.870037225
3.867805093
0.648261881
0.274144056
0.696429721
0.413051769
0.664772296
1.654079173
1.26799568
1.788056899
4.093413367
0.961546897
0.196726475
2.17284668
0.022085358
0.139888058
0.396191416
0.677628814
2.012464487
1.879202287
2.566109952
0.673489777
1.944133355
0.66013508
1.638899072
3.669314248
0.114302606
0.588506272
1.151466692
1.064141327
2.529969506
0.330642862
1.170314821
1.042993075
1.126491214
1.429760602
1.263498367
0.361328896
1.088324856
0.540445537
3.183929813
1.626556318
0.743592509
0.325688748
0.577583763
0.116647743
0.511404316
1.674746582
0.056703349
1.592095302
0.003527473
1.066357818
0.184257694
0.382305938
3.196872073
0.002897392
0.403723058
0.072842931
1.116752056
0.266107086
0.692815655
0.243277693
2.462597019
0.052941062
1.162705737
0.747892337
1.231203118
1.274427602
0.476006551
0.981868114
0.69048185
2.320239293
0.346778046
0.920679071
0.754902739
0.718606029
0.704236449
1.430432828
0.563869583
2.020689684
1.333118726
2.158411007
2.995190527
0.206305446
1.330603984
1.41728083
0.707518146
0.818869294
0.704889364
0.222279317
0.264647326
0.147139178
1.105225026
0.017602936
0.02824486
0.732673813
1.338613871
3.343266868
0.17518796
3.225250082
0.211265051
0.557975728
2.929370968
2.448132039
0.880725019
0.606808663
1.391896816
0.450750395
2.5632665
1.225281686
3.041974953
0.678849332
3.134111971
0.323093511
0.019730009
0.955248475
0.205756321
1.343849903
0.145041813
0.418036673
1.752514304
3.721087746
1.247345796
2.00311413
0.9550107
1.237020488
2.332733163
0.507564378
0.202726174
0.609397627
0.123043604
0.42186545
1.862216536
0.928239828
1.000941459
0.184706815
0.591971208
0.57974858
1.269754019
0.43175913
0.063985343
0.598862523
0.331629784
0.200743848
2.805421047
2.116328612
0.409528553
0.169669151
0.064535059
1.606418156
0.752011868
1.795754808
0.612078114
1.194302709
0.059553198
0.21922081
0.693061899
0.305547984
0.773539593
0.34343658
0.044686766
0.160433448
0.800708188
2.818195487
0.837276668
5.039863973
0.929432667
2.292785644
1.555299804
1.585306984
0.941448769
0.465899765
0.881000973
0.334002127
0.052914111
1.824056197
1.00107387
1.772095428
1.498724665
0.153027046
0.531918905
4.896446228
0.177896857
1.040001697
0.133875753
1.765084285
0.222889089
0.682600501
0.285815614
1.661837215
0.288782242
0.201885761
0.888968295
0.669780089
1.588068588
0.876815353
0.484763721
0.315696994
0.52001035
0.504869735
0.445996655
0.709280717
0.397393037
2.279734179
0.718295041
1.14541521
3.323312981
0.17312334
0.07633746
0.525533962
0.435210628
1.102478549
1.304296979
1.519191623
0.110849226
0.439386259
0.71119361
0.462477613
0.058031511
0.563307937
0.106216273
1.827567142
1.041818581
0.166888386
0.143590085
0.122024776
0.229866947
0.467324737
0.181029758
0.384427063
0.308941045
0.505218622
0.142114537
0.433293471
2.38809583
0.283499745
0.506888552
1.331269343
0.327593154
0.262205321
1.117469743
0.938405388
0.838332828
0.323121701
0.481817597
0.100548266
1.762069624
0.026660293
0.245938228
0.161678351
2.67111583
0.230785556
0.278190517
1.253862865
0.199587496
0.075272011
0.762961896
0.305399058
0.743361313
0.793570554
1.365379836
2.175034396
0.854893336
0.039093047
0.619709471
1.415411946
1.284145057
0.553043936
1.503536755
0.275390101
0.759226283
0.306600178
1.566572598
0.61194219
0.496090484
1.972888597
3.597561555
0.31521103
0.409272297
1.594028988
0.274549487
5.671669831
1.350744344
1.997020428
0.287317382
3.042253592
0.267418336
0.494040834
0.475747054
0.721183361
1.455683311
0.706982388
1.307421982
2.319863436
2.805465388
0.303697433
0.350415399
0.745037264
0.296787071
0.041513177
2.166944479
0.485171999
0.854618391
0.986709289
2.053259764
0.575175136
1.049072412
0.939738335
1.712645281
0.369988883
1.676060561
0.089571297
0.299395844
2.376338521
0.194012858
1.310930873
0.779386828
1.157166489
0.524847161
0.130992518
1.208809257
0.394665332
1.482495572
0.434034152
1.108532224
0.354653223
0.075329655
0.650830863
2.387743861
1.320429989
0.283407765
0.016707707
0.181901594
0.91178722
0.512301063
1.831443858
0.646007873
0.724117199
0.195261574
0.174972833
2.015305639
1.173202791
0.765053054
1.476895611
3.488497234
0.979170878
0.200586793
0.099439221
1.068614547
3.166788457
0.999954325
1.765867615
1.496846371
1.03974916
0.699369405
0.312073111
0.344132558
0.2298489
1.203708818
0.170771548
1.618718374
0.592028822
0.152462108
1.429818582
2.021278115
2.051083734
0.313616329
3.219217858
0.494053703
1.670579433
1.89528952
1.44838206
0.143860286
2.180327916
0.07324051
0.117923833
0.468629335
0.568289091
0.634357333
1.370653597
0.62018054
0.833147273
0.220707293
0.422746849
0.200024954
0.869910283
0.699395116
1.366317974
0.96068073
0.52060249
1.019203083
0.004107631
0.649621541
0.374824011
2.190564888
1.719922418
0.015478205
0.734327019
0.034098478
3.515433245
0.890756771
0.522128504
1.946620956
0.904427239
1.170833946
0.198720929
2.153330207
1.766159357
0.183590379
2.343473344
0.144705686
0.444605847
0.59983716
0.166856177
0.158006671
1.131387798
3.238803222
2.180197898
0.135402576
0.227822319
0.851056368
3.126610257
1.157741278
0.545997786
2.235110235
1.771588204
0.132335319
0.817131723
0.58140776
0.502962107
2.823724055
0.327719043
0.058515661
0.790926143
1.815796114
0.373906709
0.201597171
0.023595809
0.292158955
0.384754999
0.396633255
1.086935787
0.539091924
0.409129024
0.138457272
0.945586455
2.151619545
0.248968922
0.165173093
0.327000678
2.169564822
0.707378166
0.490985097
0.222851335
0.693549813
0.379093704
0.683303078
0.959666458
0.094544006
1.311950986
1.05291147
1.477650536
1.392874774
0.85307185
0.254302111
0.603571046
0.170464287
0.584236737
0.04921361
0.329235038
0.171704857
0.077422747
2.832148908
2.006527178
0.294220245
0.340511063
0.050401876
0.392991561
1.858799707
0.17752779
0.203801871
1.045991639
1.444806707
0.033425866
0.469467191
0.902685776
1.449933749
0.916105845
0.145741936
0.122681794
0.147677692
0.069767418
0.807380131
0.611479815
0.190956691
3.556902626
1.345341293
0.150146186
9.291658157
3.225272189
3.615879271
0.670067125
0.250214728
0.273368437
0.590558385
2.485107989
0.55603344
1.717977888
1.23882778
0.123080394
0.808558061
6.104861089
1.892581085
1.435925481
0.416949485
2.839872364
0.813835197
0.742802077
0.937567978
0.316471617
2.761309607
0.555302763
1.952160225
0.069809006
0.487780232
0.645886835
2.061916717
0.1067067
0.636061718
0.170840751
0.555151849
1.572826901
2.426419976
0.518404661
0.061932437
1.761281865
1.214106842
0.073471133
0.517888688
0.289624207
0.904935135
0.023286977
1.399176702
1.336547785
1.505450449
0.552609009
0.595344715
0.194727832
1.421416535
0.513529524
0.69604771
1.389561672
0.79253315
4.680725625
0.666369099
0.075456468
1.405882598
0.408657467
0.736054393
1.83065706
0.88874339
0.662586637
1.559511363
1.604985525
0.464250785
0.870917744
0.504339872
1.761171539
0.32552315
0.72291014
2.494637703
2.079015346
0.445199281
0.396018102
0.020761561
0.493428255
1.171749707
0.210898896
1.127746948
0.694662837
0.289419996
0.928220927
0.111492558
0.442507671
1.043707612
0.322982863
2.077782577
0.46855973
0.007829182
0.244298103
0.947773083
0.100994012
0.163936688
0.377521061
0.196990657
1.227657391
1.307593761
1.443139458
0.7209015
0.712125501
2.177790385
1.295733422
1.036665711
1.473650962
2.426552913
0.638395597
0.227197572
0.181183126
1.010010108
0.599886629
0.087133429
0.059488025
1.183497042
0.622738181
1.364128994
1.940671018
0.108593333
0.224140371
0.818899297
1.19918794
3.795704158
2.697618437
0.082560187
0.999055462
1.444543757
0.911487221
0.614739945
0.291054319
0.367130758
0.032889406
0.048444443
0.509496798
1.860203783
1.289315097
0.021177744
0.145265978
0.128491305
1.246746578
0.538073642
0.83148656
1.92249346
0.1092225
0.017892636
0.968262747
1.077279465
0.085036895
0.464954727
4.4869844
0.755605561
0.772534894
0.611012304
0.865932358
0.137004843
1.517087904
0.707338599
0.164155639
1.680654062
0.540338443
0.158248011
0.593583586
0.034756099
1.051033176
2.927575274
0.34495736
1.243715764
0.022831022
2.097876746
0.11212812
3.024358848
0.044327685
0.512011859
0.270030709
0.740895908
0.286974451
0.983862094
2.937443156
0.289431733
3.787281287
1.263155069
0.90048469
1.240504158
1.165302105
2.710508161
2.711159896
2.077302503
0.936815298
0.091294403
6.247757258
1.621529357
0.402524025
2.390352432
0.396759218
0.418306758
0.032832653
1.254322933
0.122804565
0.485204552
1.192379941
0.788878837
4.163826668
0.240532205
2.374666619
1.896854351
1.688328067
0.597883574
0.324195156
0.9758373
0.681527317
0.034562168
0.281673459
1.209332503
0.204939649
1.357772825
0.268166445
1.431479835
0.162942697
0.871514329
0.076007791
1.378746834
0.338612731
2.801984736
1.480901958
2.263168197
1.127714345
0.740991779
0.029055897
0.433716275
1.484393149
2.058722481
0.678094203
1.522487482
0.333611636
1.336184519
0.195929055
0.677784166
0.900007591
0.458756392
0.80170921
2.665795921
0.066468305
4.035971263
0.831606771
0.354186962
0.664663075
0.499394349
1.594952805
1.566113188
0.423811769
0.356885526
0.388014904
0.369299047
0.384658031
0.317948462
0.825056532
0.771848414
0.549482811
0.028573727
0.597681109
0.35850369
0.156930714
0.462522992
0.976519361
0.711849248
1.54888467
1.12408917
1.182346324
1.660657776
1.290166635
1.776065127
0.20711949
3.716877396
1.660128056
1.278313281
0.852860095
0.666403571
0.450619055
1.586560217
0.697431038
0.24115044
1.057891702
2.620088669
1.045578437
0.104826502
0.063025754
0.045785625
1.881716444
0.607125792
0.824059826
1.710603578
0.704207895
0.298045409
0.472233558
0.112933907
3.101389651
1.367671399
0.438617828
0.172432134
0.132300753
2.851806207
0.304121428
0.820322413
0.174144967
2.036057083
0.067552144
0.371680094
1.234493809
2.262679543
0.141096748
0.349777772
0.077431466
2.805000265
0.634708887
1.03890978
0.990553808
3.479961804
2.818438101
2.313093619
0.017497837
1.022104963
1.629348239
0.928075879
0.400023075
0.072759473
0.288794802
0.456418707
0.434828646
1.027112641
1.847987696
0.88704204
2.145806382
0.014976308
2.46792143
1.702028987
0.078276603
0.144900872
3.663984142
0.789392919
0.719371741
0.259681833
0.422347674
1.539011184
1.5363372
0.070654653
0.460783933
1.584424414
1.321330827
0.219865749
0.280298569
3.149331945
0.528985793
0.200979374
0.018650471
0.538266088
1.2322527
1.539470309
1.87660324
2.106168566
0.199041262
1.550729919
0.743939545
1.799140427
0.301904355
0.572215447
0.781876677
2.26111843
0.576602145
0.1671756
2.767850932
3.600059813
1.274960339
1.419330806
3.188671512
0.0644097
0.962750313
0.714498201
0.293634502
1.014845757
0.805049301
0.036677686
1.17394368
0.416457553
0.751312958
1.105156186
3.26179298
0.430106788
1.780898949
0.098138804
1.426629183
0.495995648
1.848101086
0.033914458
2.756428026
2.8681359
0.370108089
0.192909686
1.289838622
1.523878087
1.877319142
0.632761193
0.487566981
0.800249397
0.047893755
3.119184815
1.246395039
3.724238727
1.386801343
0.460497099
0.680204725
0.921875738
0.495307569
1.023283243
0.186089896
2.547367272
0.103774864
2.09137242
0.424282743
0.853821847
1.535976519
2.941294675
0.25347403
0.309039936
1.507225746
1.78458707
0.255374562
3.715680755
0.765598915
0.568454182
0.932053761
1.261096706
4.21873032
0.101791328
1.21496639
0.339123824
1.60368954
1.134004018
0.032910975
2.403717155
0.725915178
1.030411643
0.58483858
1.213183786
3.573924299
0.061802445
0.894077666
2.964265375
1.2744756
0.087735803
0.313559132
1.521024406
0.592886287
0.202942274
1.013670047
0.792554567
1.247056402
0.628550271
0.38965563
0.076969708
1.15623475
0.476666881
0.083405927
0.003518966
4.281090649
0.156014851
0.509282782
0.500515468
0.000721572
0.614533791
0.203853785
5.240431081
0.248622577
1.507684721
0.018865394
0.752447568
1.584807344
0.186604936
0.240052349
0.341352719
0.200090722
0.438448639
2.658974854
0.207887788
0.167687679
1.721514037
2.132706577
0.844056025
0.401978062
0.837421769
0.493422311
0.082542685
0.502635672
0.827504794
2.014053697
0.310645833
0.330969655
1.012273916
0.248926986
0.493309354
0.13760974
0.627737088
1.086325607
0.572712351
0.035923037
0.301099768
0.196188779
0.023578742
0.651526305
0.198458974
0.416022237
0.997340912
1.28929953
0.309947932
0.180913848
0.744183042
0.695395122
0.637175841
1.898773352
1.418933973
0.778756397
2.430153
1.436228282
0.885459097
0.290230844
0.574900945
0.239270485
0.785295625
1.853221835
0.066889278
0.466680536
0.609664104
0.173734738
0.828220501
0.899164787
0.947387966
0.528084923
0.162524739
2.227244484
0.816539861
0.817460836
0.134382349
4.437985455
0.683550628
1.004942026
0.338470739
0.145392302
1.384617384
1.185357765
0.020654332
1.247265948
0.898202635
0.570573541
0.110482024
0.106137096
0.28587999
1.323603333
0.086237458
0.497131874
0.118081591
1.329775563
1.380991896
0.142938037
0.843729568
0.098270124
0.076836316
0.176888984
0.4986029
2.302163559
1.331366696
1.219217419
1.296626768
0.442314108
0.319471086
1.093424963
2.509471943
2.392610624
0.391582481
0.414521386
0.783303054
5.532031979
1.014569858
0.169756959
0.316085833
0.551891307
3.060079423
3.883008851
0.982282212
1.246117047
0.254529762
0.921275937
0.90188326
0.702843115
1.243608931
4.172366263
0.74528948
1.131096117
3.416562898
0.382847463
1.245849456
0.062870138
0.008332402
1.582150176
0.15921654
0.264487904
1.888336399
1.039276275
0.237613318
1.45629714
0.516382691
0.879768291
0.779790694
2.152796444
0.372754535
0.654258379
0.576311186
0.550464453
0.139225539
0.772726546
0.506366973
0.522260852
0.78494467
0.170506816
1.685433281
1.637989334
0.668126967
0.512875582
0.404507639
1.854685515
0.007223448
0.652677884
0.866042016
1.248142362
1.976124858
0.221405416
0.139810745
1.332513621
0.611320902
0.225898658
0.121291184
0.603201145
0.569250716
0.069903395
1.330132079
0.629183458
1.839701889
0.233327281
0.030085459
4.209939817
1.320978959
0.036132866
0.477924234
1.921147015
3.040594978
1.945349314
3.010638485
0.13254483
0.111620322
0.52201108
0.010867871
0.428411191
4.755184505
1.374853517
1.984303993
0.240374472
1.985994468
0.203133515
1.363671459
0.8926658
1.236746782
0.810070249
0.024295642
0.283987483
1.237533668
1.329344411
0.679094334
0.269012391
0.395934339
1.509501925
0.982344228
0.224670837
0.012425952
0.450412259
1.513621763
1.204294437
3.436714355
1.117138734
0.414582489
0.660861047
0.28132295
1.332662266
0.13519852
0.132394282
0.778300598
2.372477939
0.397933477
3.164151627
0.667668043
1.405270495
0.662960877
5.228353421
0.934594026
0.054068682
0.440998308
0.157742423
3.094513628
0.657297142
0.389022526
1.193896767
0.810937043
1.164846603
0.308261237
0.778006321
0.09717027
2.101811402
1.842560963
2.282688024
1.794761728
0.388210119
0.019246254
0.296924111
2.406781132
1.381520091
0.077870673
0.68422885
0.830850284
1.245377065
0.899978828
3.531936758
1.817552793
0.184371264
2.232559959
0.95569318
1.237756236
1.372553449
0.25358596
1.705874738
0.434247142
0.13734623
0.89582962
0.421138808
0.433050349
0.23174135
0.70503273
3.520498286
0.164230941
0.017402577
0.2981237
3.101664447
0.509218185
0.290434265
2.651441309
0.584191604
0.698342984
0.826233237
1.164376504
0.256714171
0.464131405
0.988219297
1.394638933
0.298712956
2.130271286
0.07923677
5.161445613
0.525257064
0.427512504
0.902065444
0.507598873
0.31566931
1.026363095
0.633445541
1.032966842
0.6136693
1.090008653
0.180478
1.792773188
0.607821714
0.58369064
2.171074438
2.063523365
1.076011781
1.388720539
0.793604206
0.01051673
0.065152394
1.288653475
0.28461303
0.026654903
0.443589421
6.227322931
0.098287239
0.455238292
0.909485732
1.852279878
0.715648257
0.088120233
0.108810699
0.583193732
0.54649959
0.326630906
0.64622986
1.732804
0.559650089
0.714340769
0.82036505
0.49523925
1.435585956
0.279813719
0.000930379
1.980009905
0.838186461
0.675330712
0.231013744
1.102372758
1.386265222
1.994143422
0.005150876
0.054347171
1.215580472
1.126010094
0.083242118
1.644735574
0.708145057
1.986397783
0.427794569
0.585579398
0.674645828
0.804974051
0.141432158
1.225169783
0.936037966
0.683582287
0.081291293
3.650274238
0.514729417
2.878621511
0.952196728
0.042844878
0.150586945
0.418582952
0.619527078
0.495325037
2.027393285
2.285838735
0.804484145
0.113432216
1.025955843
0.129802741
0.336820374
0.194679674
0.793466596
2.499930838
1.462736617
0.357902077
0.326389949
1.930828513
1.233047642
0.206894758
0.29253056
0.704144284
1.671308181
0.518731922
1.388911122
0.39331206
0.894716117
2.224482612
0.30830185
1.15358926
0.087339515
3.610383741
0.707277909
0.456444834
0.923549023
0.884466117
0.066883032
1.005174659
0.204815785
0.271926944
0.259608078
0.118316241
1.490881638
0.01733775
4.359823473
0.52828541
1.200945759
0.14175484
1.348852293
0.432223941
1.327570111
0.932752472
0.081854421
0.273248609
0.412336951
1.654000019
1.829946235
0.013890755
2.451435488
0.994521962
1.110721822
0.286801167
1.007198379
2.531021489
0.750336355
0.799497697
0.919315877
2.324509576
1.751810149
0.27955817
1.305049768
1.737006474
0.231389938
0.972468177
1.267715253
0.236322776
0.59902147
0.734986183
0.603085536
0.569493063
0.055832377
6.228219482
1.522834214
0.161939246
0.80575994
0.428630444
2.580082746
0.101482068
1.54617497
0.178703049
2.389194693
0.912457439
0.889526154
0.863831649
0.417871714
1.14593752
2.372487607
0.775634107
1.208704621
1.258237408
1.052158222
0.015813798
0.9085856
0.743418508
1.157301084
0.328452781
0.005007395
0.193732482
0.377611118
0.404325096
0.750855432
2.102752471
0.006816917
0.025523825
1.63261878
0.34262556
1.231271042
3.49675691
0.753611557
0.358454254
2.707346502
2.206978823
0.632561606
0.202717918
0.276303075
2.221768069
0.239120151
1.158386336
2.711601318
0.221079516
1.973379136
0.731587001
2.105022502
0.058083799
2.958198254
5.049693538
0.235677925
0.447158542
0.144874942
1.029238825
1.807955197
0.080789709
0.821964302
0.897426036
0.176186608
1.103821143
0.839841876
0.660208981
1.210223997
1.332294351
0.690540804
0.912290369
0.518779559
0.589888275
0.258562305
0.058889717
0.879502784
1.789272818
0.155914959
0.755729493
1.924868919
0.176791562
0.477838861
0.286658457
1.906556699
0.719951535
2.456628755
0.210766328
1.077160813
1.770748296
0.04447093
0.581377525
1.092259069
1.257352937
0.752810579
2.239449662
0.616552562
0.379387601
0.538952576
0.089704885
1.245688045
1.379834775
2.228263246
2.220232049
2.491033163
1.229640407
0.207114526
0.032844904
0.257133002
0.791783086
0.29499451
0.529625316
0.995896216
0.514468216
0.78717858
1.97550568
0.014949324
0.825111804
0.832100493
2.597301888
0.503321507
4.580450596
0.825139107
0.097181581
0.385113761
0.481759452
0.377382238
0.068791424
0.772398823
0.952651813
0.607596979
1.115770794
0.364040272
0.43379112
0.034241472
1.90549848
1.181654706
1.78442313
0.372050518
0.229208018
1.45383416
1.149527096
0.068423787
1.608724187
0.685816731
0.246217048
0.67385292
0.555019204
0.56125048
1.212906278
0.856607686
0.975527336
2.669083667
0.067874715
0.428079696
0.301651598
0.507780609
0.630659514
1.001277791
0.152018774
0.666306617
0.162520769
2.427570575
0.134451929
0.823537218
4.130791894
1.929698024
0.004264614
2.341492255
0.277932906
2.31819903
0.282568236
1.114456919
1.85558177
0.538026393
0.101891577
3.471617367
1.609882404
7.673649338
3.002196634
0.300123721
1.700822527
1.090252088
0.646675821
0.949739466
0.242229602
0.480717735
1.596872938
3.975550593
0.822949332
3.435139297
0.418956952
0.235200758
1.963951758
1.785300786
0.0359771
0.167079963
1.607128029
1.271082768
0.772025035
1.16681974
0.959517459
2.170393955
0.206300627
0.550245425
0.286504558
0.372827216
0.539883201
1.243476673
0.323559748
0.059627123
0.42469431
0.078612775
0.281033764
0.511132306
1.455112453
0.230995368
2.09432441
0.389661528
1.37741907
1.394853892
0.537402187
1.462165976
0.003004675
1.350246639
0.487882276
0.149882899
0.287756555
1.986316788
1.744521058
0.60362402
0.245096827
1.033055246
0.418168112
0.621443118
0.414321054
0.006548321
1.124322347
3.850518393
1.342441407
0.849086762
0.626491452
1.250502373
0.770569044
0.732589054
0.428071491
0.456891979
0.394045568
0.556344509
0.313734124
0.18406693
1.245439665
3.487538517
0.660881748
0.801205292
1.152508965
0.25674839
0.522036239
0.498870041
3.068672718
0.688591006
1.309826058
