1.771884673 1.856108872
3.353430564 2.401939226
2.557162055 2.529564969
2.477182477 2.195607336
2.668829128 2.367292264
2.066808409 0.897236459
1.598775376 1.894501261
2.735778101 3.253372804
4.192705421 3.454670801
1.958539155 2.780521099
4.029893195 3.175353924
2.302656259 2.239270142
2.15647524 1.787896679
1.257649645 2.229644167
2.577619425 2.23265239
2.070991067 2.044152088
2.084312548 1.839933199
3.014683174 2.825514912
2.924750164 2.833932212
2.554600827 3.178647941
1.505784147 1.079828854
2.424989214 1.915231103
2.377436511 2.531504973
2.345322702 2.105544417
2.525681103 3.2758
3.028927131 1.779887397
2.714617436 2.9959132
2.888803884 2.818360685
1.474383385 1.063743188
1.523673803 1.221766139
1.896686134 2.646610857
2.305161722 1.743744037
1.206988847 1.751710111
2.559638015 2.517387695
1.603636799 1.57682031
2.005689013 1.578415619
2.967661395 3.046969434
1.958364747 1.903215419
3.076734967 3.366879301
1.493143048 1.497435414
2.975510998 2.262163864
2.157740382 1.62377056
2.038465017 1.959180295
2.247532851 3.040696593
2.44536663 2.591808749
1.76395506 2.550943637
3.605413694 2.876491821
2.541678503 3.308096984
1.756940535 2.43819909
1.506230433 1.66048361
3.246886711 2.603668105
2.685005867 2.676540247
1.500050381 1.652267126
1.479207838 1.678895925
2.928019939 2.768188581
2.017713905 2.654980172
3.135789863 2.992627927
2.800146126 1.75867764
2.816942143 3.838075115
1.537628001 2.255358851
3.762821232 3.42089767
2.38261654 2.141240782
3.3544636 2.790245275
2.978104495 2.74722875
1.834612119 2.228880586
2.529713206 2.57059581
2.811967551 2.619042505
3.523874516 2.933399665
1.895698731 2.192436666
2.902075397 2.502577831
1.760276668 3.322387677
2.62465249 3.116083257
1.787266781 2.445160026
2.770974526 2.816681627
3.479112661 2.922551643
1.953162797 2.883435162
3.576071969 2.461916832
1.967978949 2.552554199
2.050840017 1.853676758
1.826322164 2.009658046
2.174821813 2.381152807
1.426406278 2.500579712
3.060400785 2.392851228
2.289966455 2.376475198
1.854886068 2.475741001
2.681774869 2.400309503
2.164384159 1.93378467
2.735290781 2.213687913
3.510097801 2.945190719
3.122201367 2.882957727
2.371559318 2.755885416
3.121054904 3.360946802
1.195424844 2.716340975
2.103384022 1.918471845
2.876580038 2.464999581
2.193132409 2.195763169
1.36593529 1.272646117
2.34305641 2.462589154
2.620397989 3.019168417
2.254296604 2.049720253
2.542734536 2.649172727
2.332193772 2.574986366
2.478910752 3.08172844
2.461734809 3.056498561
2.007870816 1.446552369
2.671673307 2.767882651
3.686279479 2.51615002
2.77686907 3.297270004
2.149280654 1.648578611
2.296757519 1.925959691
2.308333533 1.998748919
1.591502507 0.694247217
0.909288588 1.352656467
3.256349432 2.372150801
3.730971217 3.793827163
2.52422206 2.870464334
1.773545396 1.924610371
2.111049687 2.269190555
2.802051874 3.109111538
1.772516333 2.456095821
3.42160411 3.834263343
2.441042827 2.40700716
2.329932128 2.240797015
3.108259525 2.805774188
2.071812308 1.650184424
3.26436112 3.121181432
2.724118313 2.760936128
2.080604234 1.997852807
1.893588044 2.254359962
2.552035829 2.500960748
2.592211813 2.140205258
1.92519749 1.400183506
2.755846037 2.690047879
1.401461234 1.967994832
1.871744269 2.375346209
2.017338795 1.622137236
2.373804058 2.642718512
2.916590161 2.290804352
3.027666242 2.791998994
2.077851759 2.27795789
2.882883572 2.805193758
1.460724595 0.78601559
1.463250161 1.325912563
2.194635028 2.277961694
2.064787106 2.080479753
2.82245688 2.410652408
2.839227956 2.033124981
2.33251822 3.149212638
1.500058673 2.276209213
3.014951887 3.136492609
2.82327329 2.691973995
3.500403068 2.726408738
1.751697141 1.710215833
2.214377673 2.689652101
3.004455413 1.650355556
2.558748931 2.111989966
1.296701295 2.220206986
3.143611307 3.422287123
3.673631681 3.896507286
2.05573696 2.250816768
1.999390708 2.0706426
1.840753558 2.204520288
2.993543302 2.214483207
2.132087615 2.747746373
3.719519688 2.557527566
3.082755987 1.698861797
2.552650035 3.085450389
3.029883093 3.06450581
2.086909727 2.994657339
2.171897356 1.904475116
2.018909375 2.226553614
1.787521834 1.87161338
2.433093415 2.013940041
2.996421097 2.953147079
1.960204112 3.235994613
1.795168279 1.958389286
2.021127091 1.760424188
2.511399403 1.526076051
3.670837809 2.688275361
2.602985311 3.477540249
3.730099817 3.770525267
2.159642261 1.481988914
2.610073276 3.279449263
3.703191884 3.192526398
2.128462306 1.765700001
2.005531331 1.993178029
2.45666041 2.370469407
2.263181019 3.553685318
2.288275031 2.116057545
2.247230289 2.55950895
3.56890747 2.784886578
2.625161246 2.515689377
1.534012532 2.48983719
2.196993791 2.887463791
2.319347312 1.613438849
2.902346628 1.550341931
1.8910493 1.700849325
2.417569586 3.433616956
1.58503736 1.524971986
1.493699952 2.417675834
2.810479379 2.999509478
2.421270842 2.11634436
3.48974389 3.400703575
3.431287276 3.492615223
3.6026768 2.904045066
2.832970069 3.414506533
2.832743582 3.087095259
2.791792501 2.793591067
2.974706281 3.396509873
2.338056989 2.53500969
3.264343756 2.836689517
2.363481403 2.956925796
1.572934148 1.762199039
1.762039857 3.021885357
1.532822808 3.004578934
2.077390162 2.506186683
1.669668305 1.594048283
2.608523799 2.961051535
2.849103819 2.329943266
2.756627383 1.971712028
1.817319491 2.559686603
2.070940117 2.40428938
1.742133247 1.629722064
3.11228063 2.958563618
2.984547735 2.262492352
1.522491452 1.682567674
1.77052566 2.108700386
1.573841111 1.686066587
2.256215777 2.088730149
2.538850367 2.494482979
2.125337145 2.705572253
3.136818565 2.90475082
2.606782948 2.340452215
2.69757044 2.218011448
2.767210762 2.578846317
3.34881952 3.623098892
3.066767079 2.283273282
2.453473163 1.629268197
3.325826478 3.178732119
2.964440611 1.873580498
2.83992525 2.870901698
3.044315887 2.269471748
2.346753876 1.653764987
2.772236746 2.263105035
1.412993254 1.562539144
1.947795767 2.826706259
2.522724056 2.771123438
2.546893866 3.285468476
2.508178531 2.820130096
3.167911314 2.987600215
2.853526919 2.401370741
2.82742353 1.621977829
2.773467092 2.828479002
2.882760655 2.226720342
2.511716382 2.423865255
3.404712671 2.869949425
3.458186736 3.502927733
2.24919416 1.749833776
3.481352359 3.420888014
2.556843393 3.392603121
2.857054977 2.275377199
2.40361828 3.011762418
2.135563163 2.031343992
2.668222029 2.089822106
2.224825878 1.591570763
2.423236094 2.184291013
3.049188924 2.175578858
2.205704061 1.76126337
3.1829234 3.397111522
1.561125287 0.811483538
2.135111838 1.833996123
2.469921845 2.569220208
2.020871325 2.462543121
2.801445972 2.133321588
2.627566906 2.586226351
2.519374794 2.616725611
2.733076224 2.523440246
2.61496562 3.120110345
2.18537831 1.343197543
2.56973927 2.216060855
2.473065346 2.515169868
1.506955362 1.560448369
4.443954812 3.890459868
1.773358333 1.453893609
2.641007093 3.299817527
2.982695878 2.970556646
2.513136342 2.830231648
2.43691395 2.936162943
3.185218991 2.23378687
1.727503995 1.993904919
2.897462367 2.207728442
2.050709232 1.050342902
3.210330466 2.720869207
1.316867764 1.067600806
2.990112449 3.633276077
2.317845688 2.803840404
2.672646978 3.123188149
2.487929724 3.556248221
4.555624291 4.299232035
2.122444306 2.091734332
3.663218609 3.295303541
1.356152275 1.433887198
1.750128118 2.410339394
2.606843463 1.479153154
3.185323295 3.160108242
2.503468407 2.297292173
2.154359806 2.66353863
1.971667088 1.992185463
2.464232321 3.295952954
2.812571938 1.77591548
2.051651603 2.544354581
0.826256778 1.66200156
2.599298213 2.424037117
3.283729597 2.719502217
4.251526404 3.544408768
2.730926682 1.773124277
3.335754158 3.132911948
2.143819054 1.846278227
3.244831896 2.996854868
1.535163645 2.177225268
2.721056073 3.153355995
4.00275406 3.983668588
3.156969841 3.496586147
3.751984512 3.773251881
3.446414905 2.91639354
3.34747747 3.501284228
3.308723035 2.543203826
2.739644487 1.749188775
2.872276345 3.305158706
3.033221775 2.744684672
1.41201187 1.53456721
2.927130148 2.890265883
2.324742832 1.618231752
2.040535001 2.276278406
3.239776242 3.166661198
2.889671766 3.605239817
2.575233261 2.559590927
2.996480275 2.230005338
1.638222691 2.495286099
1.963612159 2.244530054
3.259077873 3.270494242
1.735104977 2.358956123
2.428241114 2.731768527
1.964447239 3.312387656
2.923198945 2.753306639
2.500195767 2.61819709
2.186976149 1.786985089
1.218501148 1.550858708
1.660769805 1.785818435
3.094814932 2.995175622
1.497319472 2.231408124
2.607468641 2.92235628
2.256172763 2.935945699
2.182835899 2.396859292
2.562753958 2.652751446
2.727414112 3.385793076
2.129590696 2.062933115
2.04135403 2.561368323
1.532582587 2.51975229
3.282721502 3.21446518
1.428591871 2.384349199
2.884646051 2.536852557
3.233516867 3.229367889
2.761066795 2.865498914
3.441990881 3.346309228
3.628104009 3.088742546
2.501031077 3.095301267
1.659077908 1.65394754
2.646996958 3.659894638
2.293919145 3.113393219
2.727986329 3.013821203
2.15661645 3.2699026
2.345523147 3.032575493
2.020450773 2.06225628
2.475837301 1.547440443
1.737159422 2.459079555
2.944575957 2.705916859
1.722107472 2.016362848
1.581403036 2.375789716
2.514148615 2.064263772
3.987343942 3.42108683
2.672405489 3.216004354
3.223176953 3.325716164
2.979856758 2.73973766
3.487487781 3.452889739
3.389180166 4.148315558
3.351486309 2.577546184
3.198966361 2.242666091
2.200231241 2.518561535
2.721824956 2.142885701
2.124280537 3.216101534
3.223330129 2.816365569
2.156662748 2.051712925
1.613290434 1.302060101
2.854340229 3.061800327
4.109762856 3.494815162
3.557016974 4.205241401
2.923446398 3.032195962
2.447297245 2.031959314
1.33993449 1.725336366
2.047758356 2.070300742
2.173924482 2.633883778
2.906719093 2.54259629
2.330761937 2.311608
2.701324035 2.195735138
2.782610816 1.849436691
2.785802148 1.521147924
2.282623172 2.370449592
2.350646843 3.346969321
1.89364356 1.343174267
3.714378069 3.92525859
3.126587933 3.079133713
3.488229921 2.412067282
2.36151124 1.780098917
1.805214324 2.37840611
2.484144627 2.10093222
1.395895457 1.371518921
3.022016484 2.315829954
2.902238249 2.732090411
2.25455343 1.787838982
1.975482656 1.220543323
2.161940557 2.119540139
1.561031776 1.630709757
2.422580116 2.921300113
1.222789612 2.253961076
2.554419003 2.243382035
3.021959065 3.923969653
3.304655275 3.61857512
2.619833637 3.485253994
2.683689644 1.87617501
2.971752697 3.592036618
3.340459613 3.249314851
2.223814654 2.054549781
2.96342742 2.228085183
2.697810927 3.493292601
2.977039898 2.115703854
3.179219446 2.709566628
2.85986309 2.494862085
1.306271677 1.405068452
2.534677048 3.312397492
3.648812197 3.326363402
3.19974956 3.256303436
2.078052056 1.612679357
2.295128298 2.438852652
2.573512065 2.547941581
2.590771 3.189216281
3.110043648 2.106000923
0.927924667 2.717235475
2.559136736 2.492007532
1.507728623 2.248829616
2.07867584 2.999471407
2.49073914 2.31743672
3.595302068 2.689292196
1.74476226 1.515142048
2.736637371 3.411051718
2.400824978 2.508818767
3.185737581 2.472548151
3.499640434 3.71998779
2.651691062 2.717293516
3.079636523 3.473251039
2.300752694 2.415723336
2.257418549 2.142784318
2.86129078 2.284441027
2.573408863 2.943550905
3.502640903 4.165244129
3.511424294 2.772206327
2.826653048 2.462899119
1.99568175 2.052811327
2.981380554 3.360518921
1.687811511 2.354884989
2.186943338 2.439725406
2.602151208 2.158829284
2.321403693 2.725607954
1.526308725 1.652048742
1.856846978 1.895987118
3.104850042 2.392148134
2.23441366 2.970925785
3.705826744 2.670136771
2.974215336 3.284843423
1.93002415 2.338758871
2.9710437 2.567051479
2.695732756 2.508572098
3.184097894 2.382021384
1.722240618 1.935637951
3.082118067 2.019635458
3.270581154 4.175718029
2.545349453 2.390825952
2.183959497 2.198101428
3.148830137 2.062376898
2.398887393 1.77005349
2.532200431 2.637335154
2.517507488 2.662377952
1.989129543 2.345712483
1.893292141 1.760722809
2.187222594 1.660890434
2.937502125 2.498470069
2.730198876 2.953822478
3.364381082 2.480065157
0.95725126 1.312862683
2.419546544 1.975294966
2.479294394 2.408484625
3.241549599 2.966615797
3.964641557 3.119502911
2.422509048 2.140775341
2.2995758 2.251020773
2.395257414 2.316664899
2.544957723 2.400816495
3.253561641 2.783008796
2.917854753 3.037988098
2.822646942 2.9235029
2.228960198 3.10962059
2.416263752 2.767627039
1.201192381 2.638875866
2.436786677 2.761469831
3.029454145 2.263130487
3.818241773 3.367630468
1.951230079 1.748195377
3.318037531 2.75183212
1.977438992 1.616377864
3.426467196 3.833795573
1.911583749 2.826154536
3.119777527 3.247185256
2.37034497 2.843073625
2.393219544 3.31003077
3.1944299 2.515051302
2.995461326 3.744281263
2.725781545 2.655742262
2.434223766 2.25179947
2.406071794 2.27526366
3.079917152 2.412065518
2.803274671 3.196578133
2.677429574 1.822497355
2.851069694 3.310956906
2.335584829 1.561156438
2.641081451 3.704462018
1.964541734 1.918541336
2.070474178 2.83418558
2.674770881 3.140496239
2.6392818 1.36567796
2.517275223 2.356913595
2.592222665 1.770495276
2.169657794 2.62026504
1.803475783 1.909812758
3.219768608 1.720051054
2.398497115 2.025704881
2.074950655 2.6755795
0.952764288 2.02120081
3.738230363 3.458169438
1.252619885 1.067262458
2.353783435 2.956357872
1.572688152 1.154565596
2.242558957 1.740244872
2.231922856 2.037534752
3.72694761 3.965634875
2.447882813 2.724338512
1.550037988 2.020413239
2.133674064 2.507303827
2.826470663 1.952364929
3.770551826 3.280351179
2.040268083 2.167130631
1.68962823 2.970213389
3.074418461 3.481775123
2.267989803 2.108962422
2.460726925 2.349523623
1.951506238 2.037248488
2.022876096 1.970820119
1.610924018 2.138805183
2.48582344 2.897021089
2.294120644 1.863489451
2.593867418 1.531951363
2.550690581 2.808310747
1.704641928 1.283304383
1.513454419 1.775955772
2.692305624 2.879013798
2.851385508 2.749553683
2.27728396 2.284738901
1.138677129 1.117840271
1.128313775 1.332159679
1.741323427 2.521605541
3.103072794 3.522738847
3.989946532 2.790925296
2.337254219 1.466746237
2.385300927 3.309008135
1.589469313 2.61899712
3.102552655 3.682619664
2.87689251 2.636092309
2.737944243 3.314636
3.157025838 2.842519128
3.530274885 3.587702347
2.770778875 2.61265414
2.171908907 1.430547455
2.000832196 1.474044564
2.326199211 1.813081051
1.636257883 1.535196797
2.369414317 2.637387981
3.552853572 3.590942263
1.609389215 2.217060705
2.268222818 2.84102915
1.722378683 1.381140817
2.517714249 2.080748743
2.692525974 2.736083489
1.314579462 1.908662418
1.955132107 1.440346289
1.364799594 1.195777155
2.734492405 2.3225369
2.804312393 4.003022321
2.649770858 2.693024651
2.641947669 2.399199423
3.690706783 2.129180213
3.073392033 2.351068996
2.901817822 3.110820558
3.450498573 2.449276393
3.187444617 2.559061785
1.739040672 2.65515196
2.374587856 1.891241565
2.073567418 2.12177707
3.079847875 2.505906184
1.538499624 2.620992461
2.222627632 2.296017841
2.997953092 2.825274595
3.432963136 3.225243373
2.272100177 1.982422202
1.934843816 1.332962698
2.898896205 2.626428091
2.92850991 2.856638171
2.144109221 2.230956565
2.806242575 2.561504859
1.407580394 2.096885048
2.729041398 1.439823257
3.102482738 2.150132191
2.00887711 1.487412413
2.863725798 2.858297935
1.589333554 2.657163114
1.527295933 2.122591468
2.985336032 2.938895358
3.066701085 3.114667998
3.368043916 2.785901119
2.776247295 3.370322748
1.66150844 2.561135214
2.1188837 1.431096647
2.399923687 2.290868539
1.825941616 2.190108526
2.587166763 2.412292772
2.481064413 2.59593459
1.738993338 2.283785517
3.137017313 2.739661523
2.82134571 1.634300643
1.665286258 2.591046206
2.602780885 3.081847187
1.077297153 2.480226973
2.862371362 2.926736465
1.558985601 2.095394704
2.918773344 3.438636549
3.922817989 3.234989737
2.012701185 1.185151745
1.977299966 1.341151143
2.244626605 3.178029065
3.343470149 3.84596099
2.568583152 3.02813672
2.670138295 2.602230213
3.489205405 3.78760068
2.196029825 2.336267797
2.07089662 1.902109366
3.300903479 1.583954795
2.961549007 3.05060071
2.175591061 2.159282808
2.927742042 3.471842065
3.346945232 3.249248175
3.453388903 3.72442505
2.577426829 2.036332824
1.392105902 2.022994215
2.298011232 2.278171431
1.953387762 2.166326255
2.420792161 2.747429684
2.941662001 2.684855408
4.038029236 3.319481199
1.819544183 1.441927782
2.893274112 2.171857842
2.465085858 3.028253745
2.483006095 1.757802062
2.205359675 2.847820435
2.737897417 1.944898522
2.960304983 3.18675707
2.217597625 1.985393578
2.960163552 3.163798458
2.694615672 2.386214775
2.337786794 1.758769685
2.790645922 3.392290484
2.398174343 2.17247105
2.33815372 2.958717278
3.282289959 1.821996355
2.337756942 1.745938628
2.423928824 2.849351763
3.034494677 2.600524687
3.726844796 2.706854475
1.772855121 2.752939793
2.002495773 2.231869759
2.641525475 2.739814842
2.52821615 2.448423001
2.099539114 2.066076497
2.360848004 1.802731617
2.542337753 1.887981142
2.901189496 2.293217806
2.282047878 2.133891631
2.882230426 3.613625466
1.714745209 2.11899511
2.109561986 1.526846557
2.767181986 2.49041204
1.851507723 2.164320897
2.759211132 2.784949162
2.797835479 2.413025122
2.773997983 2.752030679
2.256343772 2.424354935
2.470263978 1.91046504
3.471380077 3.090413239
2.265119401 1.882433178
2.541047102 2.456645081
2.273632899 2.320812848
1.631904592 1.008035224
2.740471081 2.447489371
2.37482943 3.061765486
1.966915001 2.609868826
2.095797806 1.995284755
3.782559261 2.546479815
2.283906456 2.245233374
2.452708126 3.382274634
2.388858626 2.439995682
3.137985867 3.710232781
3.542556579 3.149062244
1.89384193 2.45553258
2.528769593 3.723529585
2.220884422 2.634241519
0.67912975 1.040585654
3.370312366 3.844766014
2.750110517 2.550037369
1.725109618 2.278312352
2.476486435 3.038077586
2.810420155 2.099659367
1.707707114 2.611026504
2.127583593 2.143014881
2.849654466 2.510616545
2.439151424 1.729236087
2.336598895 1.953320102
1.812558329 1.395740365
2.750135915 1.64352224
3.580598126 3.417572555
1.003096741 1.756316241
1.355099613 1.749450151
3.163479467 3.077943353
3.185949641 3.351845316
3.013741862 3.028343521
2.320500304 2.300355283
2.31746399 2.35723306
1.430248253 1.886825328
3.051835374 3.328000913
1.821735896 1.239110074
2.058546043 1.725045965
3.2177496 2.612463989
2.830896584 1.630649213
2.122329265 2.599497862
2.127876938 3.184498536
3.007958782 3.229256393
2.082725253 2.200411356
1.420464193 1.862616681
3.516989597 2.554419149
1.87914135 2.973043993
1.569160293 1.811642205
3.307778112 3.429801938
3.040739106 2.721387631
1.972107619 2.379830668
1.781951036 1.745700481
2.489920587 3.015466493
2.345518702 2.444029765
2.737704468 2.677759147
2.397687421 2.515579557
2.283544433 3.17338475
1.840601035 3.245459522
3.090817547 2.15992584
2.986306969 3.058555132
2.55040481 3.020744593
1.900920784 1.87241384
3.782355418 3.430536499
3.259294348 2.932513185
3.60953057 3.441284808
2.282562765 1.624370606
1.916981631 2.133516474
1.106366685 1.481278416
2.086128714 1.329022354
2.716209442 2.711593637
2.935810595 2.508582262
1.428914117 1.629087533
2.190548789 1.80305818
2.721489531 3.65667019
3.363755473 2.925455218
2.011718155 2.158260229
2.391952495 2.051157482
3.079432031 3.157853778
1.691479869 1.766684926
2.133959036 2.20616203
3.72821227 3.869208723
1.784663832 1.289937013
2.805541034 1.799012908
2.232578598 2.24637346
1.508920502 1.663232426
1.679215279 1.56022654
3.15497644 2.177792105
3.513584678 3.794749224
2.919619123 3.175619359
2.609757962 2.1494086
2.953183969 2.404836232
2.761319722 3.06146065
2.436544249 2.280847801
1.813709789 2.923691519
1.843035928 2.288931603
2.136676787 1.728503034
4.065330373 3.35771338
2.086735855 1.38243668
3.204284862 3.458915868
2.778224502 3.180061976
1.680839727 2.444475936
2.950411346 3.784869241
1.469126714 2.093669611
2.796679161 2.650948399
3.44640279 3.548881469
3.096870921 2.718427053
2.319153433 2.716625284
2.509524476 1.996341381
2.526795643 3.305312567
2.145521052 2.019184468
1.732312145 1.570713075
1.95740974 2.267693884
2.37501589 2.26995997
2.18339357 2.26847095
2.942887516 2.823350791
2.297013376 1.844582191
2.756826047 2.733097395
2.205444272 1.76434598
2.536472586 2.615393579
2.025759867 1.488590734
3.307613088 2.961623193
0.470661412 0.368238689
1.922032435 2.614791405
2.375178099 2.840741327
3.312522228 3.448744162
2.297714154 1.881822562
2.58692888 3.561742892
3.455098893 4.286217369
1.192732415 0.648697759
2.876477073 2.598434988
2.210046863 1.549321562
2.803896456 2.125806084
2.803521444 3.276556797
3.017010009 2.345195699
2.097677794 2.465857203
2.750237187 2.696795558
2.617423719 3.000950752
1.863512715 0.600251262
2.584277977 2.792079358
2.399992292 2.34109231
3.706344128 3.04728079
2.702114469 2.021140112
2.737905299 2.463650389
2.749751645 2.496497895
2.465866239 2.263815554
2.437192376 3.54987258
2.564649783 2.260223345
2.567440678 3.276907592
2.52261375 2.17694798
2.144989372 2.080849991
2.212994768 1.5857648
2.412071448 2.02943328
1.696509815 1.459177351
2.389207264 2.038862491
2.013419574 1.684165376
1.639785764 1.813453272
3.005539753 2.441689672
3.235496104 2.751335042
2.949396611 3.623395757
2.626203632 2.469503051
2.405135794 1.947016891
3.681955 3.696849315
2.629679587 3.159449422
3.330484074 2.156846046
2.446464244 1.415343203
2.064281723 2.383946711
4.533913977 3.494592085
2.12569381 2.415080711
2.933825618 3.311415192
1.664793488 2.656236464
1.841839829 2.335969776
3.166184746 2.397483455
2.070988109 2.331639423
1.202191598 2.442567113
2.626049695 3.040506047
1.979822093 2.243555658
3.561866948 3.247352558
2.486128655 2.443933743
3.001639363 2.691217785
3.165889202 3.151705673
2.881523879 2.498451207
1.778064357 2.556602894
3.297356676 2.124837409
1.53039991 2.118899096
2.705450654 2.615379859
2.371481354 1.923745979
1.879386974 1.892335426
1.734475353 1.662602153
2.239694733 1.234629024
3.7643699 4.694029198
1.583171737 1.846014403
2.814790913 2.312270376
3.256414642 2.40369972
2.04266972 2.112787859
3.115216253 3.146103717
2.141526874 2.648311738
3.273233004 3.441113484
2.403865379 3.170621016
2.232773938 1.758865564
3.339261055 3.037763346
3.588405123 3.910867394
2.51763019 3.093025171
2.2605403 2.359313371
2.099163705 2.447083222
2.768741361 2.746886269
1.841647025 1.619832637
3.339951031 3.657703771
1.417970774 1.64865291
1.400629075 1.895026243
2.527647919 2.189853555
1.685582328 1.983453977
1.396710408 2.117959773
2.326008216 2.630021989
3.092997215 2.991888561
2.248013323 3.146760673
2.262396676 2.136429399
2.694465232 2.284573288
2.079802525 2.21476432
2.408174431 1.788175658
1.812565265 1.532928265
2.963719629 2.356200799
2.724682141 3.471737341
2.854724279 2.704256248
2.684192597 2.172594267
2.47081642 2.039602953
2.822147172 3.317313465
2.742381078 3.426483867
1.63693272 2.34706011
3.436842581 2.843128607
3.448311798 3.176668773
2.34723879 2.634333042
3.037432717 2.910430161
1.693476495 1.864584831
2.46359959 1.434475764
1.46825239 1.929696301
3.511485813 3.18254578
1.85688022 2.474779516
2.014824703 2.146360391
3.917654232 2.93693131
3.330059888 3.82552083
2.713689217 2.336613045
2.351942487 3.262788923
2.736445304 2.427004221
1.495010201 2.470674444
2.58380496 2.437436144
3.840368362 3.596252021
1.937428745 1.698427736
3.697863217 4.067650204
1.821822119 1.812086861
2.773502322 3.283340022
1.570564729 2.957401395
2.78249085 3.046362411
1.640833358 1.755270696
2.536813869 2.302975937
2.31010769 1.391398288
2.641859025 2.669797494
2.469150009 2.331680933
2.875052922 3.416049746
2.334131399 3.23993656
2.077718204 2.292796722
2.105308196 2.734284708
2.373212418 2.461220741
2.968917039 2.436168466
1.720311958 0.919180338
2.620054593 2.481004682
3.571561878 2.524241894
1.621414909 1.860593328
2.610791407 2.211150342
2.567042054 2.495565269
2.88097718 1.926390647
1.851818116 2.238749549
1.613347687 1.891617263
2.151026259 2.745157748
3.187789558 2.535752567
2.704209483 2.920170625
2.659146703 3.902401818
3.2652776 3.065440432
0.865319434 1.460914247
3.672692364 2.564049878
1.760093704 1.782339521
2.531448883 2.713723958
